data = {
    ["defaultcode"] = {32, 101, 101, 114, 120, 99, 102, 116, 121, 306, -1, -2},
    ["MyMobile"] = {1, 3, 5, 1},
    ["MyName"] = {"SPACE", "E", "E", "R", "X", "C", "F", "T", "Y", "CTRL", "MB1", "MB2"},
    ["defaultcam"] = {70, 75, 70, 60, 100, 1},
    ["defaultmobile"] = {1, 3, 5, 1},
    ["defaultname"] = {"SPACE", "E", "E", "R", "X", "C", "F", "T", "Y", "CTRL", "MB1", "MB2"},
    ["bundleset"] = {
        ["Woman"] = {
            ["RightArm"] = {["Id"] = 86499698, ["Body"] = "RightArm"},
            ["LeftArm"] = {["Id"] = 86499716, ["Body"] = "LeftArm"},
            ["Head"] = {["Id"] = 86498113, ["Body"] = "Head"},
            ["Torso"] = {["Id"] = 86499666, ["Body"] = "Torso"},
            ["RightLeg"] = {["Id"] = 86499793, ["Body"] = "RightLeg"},
            ["LeftLeg"] = {["Id"] = 86499753, ["Body"] = "LeftLeg"}
        },
        ["Girl"] = {
            ["RightArm"] = {["Id"] = 376547341, ["Body"] = "RightArm"},
            ["LeftArm"] = {["Id"] = 376547633, ["Body"] = "LeftArm"},
            ["Torso"] = {["Id"] = 376547767, ["Body"] = "Torso"},
            ["RightLeg"] = {["Id"] = 376547092, ["Body"] = "RightLeg"},
            ["LeftLeg"] = {["Id"] = 376546668, ["Body"] = "LeftLeg"}
        },
        ["Man"] = {
            ["RightArm"] = {["Id"] = 86500036, ["Body"] = "RightArm"},
            ["LeftArm"] = {["Id"] = 86500054, ["Body"] = "LeftArm"},
            ["Head"] = {["Id"] = 86498048, ["Body"] = "Head"},
            ["Torso"] = {["Id"] = 86500008, ["Body"] = "Torso"},
            ["RightLeg"] = {["Id"] = 86500078, ["Body"] = "RightLeg"},
            ["LeftLeg"] = {["Id"] = 86500064, ["Body"] = "LeftLeg"}
        },
        ["Skyler"] = {
            ["RightArm"] = {["Id"] = 4637120775, ["Body"] = "RightArm"},
            ["LeftArm"] = {["Id"] = 4637119437, ["Body"] = "LeftArm"},
            ["Torso"] = {["Id"] = 4637151279, ["Body"] = "Torso"},
            ["RightLeg"] = {["Id"] = 4637122096, ["Body"] = "RightLeg"},
            ["LeftLeg"] = {["Id"] = 4637120072, ["Body"] = "LeftLeg"}
        },
        ["2.0"] = {
            ["RightArm"] = {["Id"] = 27112039, ["Body"] = "RightArm"},
            ["LeftArm"] = {["Id"] = 27112052, ["Body"] = "LeftArm"},
            ["Torso"] = {["Id"] = 27112025, ["Body"] = "Torso"},
            ["RightLeg"] = {["Id"] = 27112068, ["Body"] = "RightLeg"},
            ["LeftLeg"] = {["Id"] = 27112056, ["Body"] = "LeftLeg"}
        },
        ["Superhero"] = {
            ["RightArm"] = {["Id"] = 32336117, ["Body"] = "RightArm"},
            ["LeftArm"] = {["Id"] = 32336182, ["Body"] = "LeftArm"},
            ["Torso"] = {["Id"] = 32336059, ["Body"] = "Torso"},
            ["RightLeg"] = {["Id"] = 32336306, ["Body"] = "RightLeg"},
            ["LeftLeg"] = {["Id"] = 32336243, ["Body"] = "LeftLeg"}
        },
        ["Boy"] = {
            ["RightArm"] = {["Id"] = 376531012, ["Body"] = "RightArm"},
            ["LeftArm"] = {["Id"] = 376530220, ["Body"] = "LeftArm"},
            ["Torso"] = {["Id"] = 376532000, ["Body"] = "Torso"},
            ["RightLeg"] = {["Id"] = 376531703, ["Body"] = "RightLeg"},
            ["LeftLeg"] = {["Id"] = 376531300, ["Body"] = "LeftLeg"}
        },
        ["Gunslinger"] = {
            ["RightArm"] = {["Id"] = 32357584, ["Body"] = "RightArm"},
            ["LeftArm"] = {["Id"] = 32357619, ["Body"] = "LeftArm"},
            ["Torso"] = {["Id"] = 32357558, ["Body"] = "Torso"},
            ["RightLeg"] = {["Id"] = 32357663, ["Body"] = "RightLeg"},
            ["LeftLeg"] = {["Id"] = 32357631, ["Body"] = "LeftLeg"}
        }
    },
    ["bundlelocate"] = {
        ["Woman"] = {
            CFrame.new(
                -0.0309999995,
                -0.5,
                0.187999994,
                0.10043592,
                0.309687555,
                -0.94551903,
                -0.0709170997,
                -0.945678949,
                -0.317272961,
                -0.992412865,
                0.0989190638,
                -0.0730179921
            ),
            CFrame.new(
                0.0130000003,
                -0.49000001,
                -0.165999994,
                -0.000151736604,
                0.389980942,
                -0.920822918,
                -0.017437188,
                -0.92068392,
                -0.389919221,
                -0.999847949,
                0.0159973968,
                0.00693987263
            )
        },
        ["Girl"] = {
            CFrame.new(
                -0.0500000007,
                -0.5,
                0.100000001,
                -0.336824,
                0.0593911596,
                -0.939692676,
                -0.0923319682,
                -0.995281994,
                -0.0298090354,
                -0.9370296,
                0.0767232776,
                0.340718597
            ),
            CFrame.new(
                -0.0500000007,
                -0.579999983,
                -0.100000001,
                0.340718657,
                0.0298090186,
                -0.939692616,
                0.168412104,
                -0.985265911,
                0.0298090447,
                -0.924958467,
                -0.168412119,
                -0.340718657
            )
        },
        ["Man"] = {
            CFrame.new(
                -0.0309999995,
                -0.5,
                0.187999994,
                0.10043592,
                0.309687555,
                -0.94551903,
                -0.0709170997,
                -0.945678949,
                -0.317272961,
                -0.992412865,
                0.0989190638,
                -0.0730179921
            ),
            CFrame.new(
                0.0130000003,
                -0.49000001,
                -0.165999994,
                -0.000151736604,
                0.389980942,
                -0.920822918,
                -0.017437188,
                -0.92068392,
                -0.389919221,
                -0.999847949,
                0.0159973968,
                0.00693987263
            )
        },
        ["2.0"] = {
            CFrame.new(
                -0.0500000007,
                -0.579999983,
                0.100000001,
                -0.336824,
                0.0593911596,
                -0.939692676,
                -0.0923319682,
                -0.995281994,
                -0.0298090354,
                -0.9370296,
                0.0767232776,
                0.340718597
            ),
            CFrame.new(
                -0.0500000007,
                -0.579999983,
                -0.100000001,
                0.340718657,
                0.0298090186,
                -0.939692616,
                0.168412104,
                -0.985265911,
                0.0298090447,
                -0.924958467,
                -0.168412119,
                -0.340718657
            )
        },
        ["Skyler"] = {
            CFrame.new(
                -0.0500000007,
                -0.579999983,
                0.100000001,
                -0.336824,
                0.0593911596,
                -0.939692676,
                -0.0923319682,
                -0.995281994,
                -0.0298090354,
                -0.9370296,
                0.0767232776,
                0.340718597
            ),
            CFrame.new(
                -0.0500000007,
                -0.579999983,
                -0.100000001,
                0.340718657,
                0.0298090186,
                -0.939692616,
                0.168412104,
                -0.985265911,
                0.0298090447,
                -0.924958467,
                -0.168412119,
                -0.340718657
            )
        },
        ["Superhero"] = {
            CFrame.new(
                -0.0500000007,
                -0.579999983,
                0.100000001,
                -0.336824,
                0.0593911596,
                -0.939692676,
                -0.0923319682,
                -0.995281994,
                -0.0298090354,
                -0.9370296,
                0.0767232776,
                0.340718597
            ),
            CFrame.new(
                -0.0500000007,
                -0.579999983,
                -0.100000001,
                0.340718657,
                0.0298090186,
                -0.939692616,
                0.168412104,
                -0.985265911,
                0.0298090447,
                -0.924958467,
                -0.168412119,
                -0.340718657
            )
        },
        ["Boy"] = {
            CFrame.new(
                -0.0500000007,
                -0.5,
                0.100000001,
                -0.336824,
                0.0593911596,
                -0.939692676,
                -0.0923319682,
                -0.995281994,
                -0.0298090354,
                -0.9370296,
                0.0767232776,
                0.340718597
            ),
            CFrame.new(
                -0.0500000007,
                -0.579999983,
                -0.100000001,
                0.340718657,
                0.0298090186,
                -0.939692616,
                0.168412104,
                -0.985265911,
                0.0298090447,
                -0.924958467,
                -0.168412119,
                -0.340718657
            )
        },
        ["Gunslinger"] = {
            CFrame.new(
                -0.0909999982,
                -0.661000013,
                0.143000007,
                -0.186291218,
                -0.0430660695,
                -0.981550276,
                0.0213314742,
                -0.998980641,
                0.0397822782,
                -0.982262969,
                -0.013526842,
                0.187019989
            ),
            CFrame.new(
                -0.105999999,
                -0.671000004,
                -0.0860000029,
                -0.0507990569,
                -0.0127109122,
                -0.99862802,
                -0.0519931018,
                -0.998529434,
                0.0153544853,
                -0.997354627,
                0.0527017564,
                0.0500634685
            )
        }
    },
    ["MyCode"] = {32, 101, 101, 114, 120, 99, 102, 116, 121, 306, -1, -2},
    ["blacklisthead"] = {
        "https://assetdelivery.roblox.com/v1/asset/?id=4812919237",
        "https://assetdelivery.roblox.com/v1/asset/?id=8255040085",
        "rbxassetid://8635368147",
        "rbxassetid://8635368421"
    },
    ["MyCam"] = {70, 75, 70, 60, 100, 1}
}
