data = {
    ["Groza"] = {
        ["Config"] = {
            ["Handling"] = {
                ["IdleTime"] = 0.2,
                ["SprintTime"] = 0.2,
                ["Speed"] = 0.87,
                ["UnequipTime"] = 0.2,
                ["EquipTime"] = 0.2
            },
            ["Character"] = {["MoveSpeed"] = 0.92, ["TorsoTwist"] = 5},
            ["FirstPersonOffset"] = {
                ["Unequip"] = CFrame.new(
                    -0.200000003,
                    -2.5999999,
                    -1,
                    -4.37113883e-08,
                    -0.309017003,
                    0.95105654,
                    0,
                    0.95105654,
                    0.309017003,
                    -1,
                    1.35075622e-08,
                    -4.1572001e-08
                ),
                ["Default"] = CFrame.new(
                    0.899999976,
                    -1.10000002,
                    -1.20000005,
                    0.978147626,
                    -0.2079117,
                    0,
                    0.2079117,
                    0.978147626,
                    0,
                    0,
                    0,
                    1
                ),
                ["Crouch"] = CFrame.new(
                    0.899999976,
                    -1.10000002,
                    -1.20000005,
                    0.923879504,
                    -0.382683456,
                    0,
                    0.382683456,
                    0.923879504,
                    0,
                    0,
                    0,
                    1
                ),
                ["Equip"] = CFrame.new(
                    -0.200000003,
                    -2.5999999,
                    -1,
                    -4.37113883e-08,
                    -0.309017003,
                    0.95105654,
                    0,
                    0.95105654,
                    0.309017003,
                    -1,
                    1.35075622e-08,
                    -4.1572001e-08
                ),
                ["Sprint"] = CFrame.new(0.800000012, -1.10000002, -1.20000005, 1, 0, 0, 0, 1, 0, 0, 0, 1)
            },
            ["Category"] = "Assault Rifle",
            ["FireModes"] = {["Auto"] = {["FireRate"] = 750}, ["Semi"] = {["FireRate"] = 750}},
            ["Damage"] = {["Chest"] = 36, ["Base"] = 30, ["Head"] = 45},
            ["Animators"] = {"ImprovedPaintball"},
            ["Slot"] = "Primary",
            ["Controller"] = "Paintball",
            ["Magazine"] = {["ReloadTime"] = 1.8, ["Mode"] = "Default", ["Size"] = 30},
            ["Aim"] = {["Attachment"] = "AimAttach", ["AimTime"] = 0.2, ["FOV"] = 0.6},
            ["ThirdPersonOffset"] = {
                ["Unequip"] = CFrame.new(
                    -0.5,
                    -2.5,
                    -0.5,
                    -4.37113883e-08,
                    -0.866025448,
                    0.49999997,
                    0,
                    0.49999997,
                    0.866025448,
                    -1,
                    3.78551732e-08,
                    -2.18556924e-08
                ),
                ["Default"] = CFrame.new(0.600000024, -0.600000024, -0.300000012, 1, 0, 0, 0, 1, 0, 0, 0, 1),
                ["Crouch"] = CFrame.new(0.600000024, -0.600000024, -0.300000012, 1, 0, 0, 0, 1, 0, 0, 0, 1),
                ["Equip"] = CFrame.new(
                    -0.5,
                    -2.5,
                    -0.5,
                    -4.37113883e-08,
                    -0.866025448,
                    0.49999997,
                    0,
                    0.49999997,
                    0.866025448,
                    -1,
                    3.78551732e-08,
                    -2.18556924e-08
                ),
                ["Sprint"] = CFrame.new(
                    0.100000001,
                    -0.800000012,
                    -0.300000012,
                    0.49999997,
                    -0.2676166,
                    0.823639154,
                    0,
                    0.95105654,
                    0.309017003,
                    -0.866025448,
                    -0.154508486,
                    0.47552824
                ),
                ["Aim"] = CFrame.new(
                    0.5,
                    0,
                    -0.800000012,
                    0.994521916,
                    -0.104528464,
                    0,
                    0.104528464,
                    0.994521916,
                    0,
                    0,
                    0,
                    1
                )
            },
            ["AttachmentSlots"] = {
                ["Muzzle"] = true,
                ["Optic"] = true,
                ["Laser"] = true,
                ["Barrel"] = true,
                ["Stock"] = true,
                ["Ammo"] = true,
                ["Perk"] = true,
                ["Grip"] = true
            },
            ["Reticle"] = {
                ["AimScale"] = 0,
                ["ProneScale"] = 1,
                ["SlideScale"] = 1.2,
                ["VaultScale"] = 2,
                ["CrouchScale"] = 1,
                ["Size"] = 7
            },
            ["Model"] = "Groza",
            ["Projectile"] = {
                ["FalloffPercent"] = 0.7,
                ["FalloffEnd"] = 175,
                ["Template"] = "Paintball",
                ["Amount"] = 1,
                ["CollatDamageMultiplier"] = 0.4,
                ["CollatDepth"] = 2,
                ["GravityCorrection"] = 2,
                ["FalloffStart"] = 125
            },
            ["FireModeList"] = {"Auto", "Semi"},
            ["Recoil"] = {
                ["Default"] = {
                    ["WeaponSnapback"] = 1,
                    ["WeaponMovementAimScale"] = 1,
                    ["CameraAimScale"] = 0.75,
                    ["CameraScale"] = 0.4,
                    ["RecoilSpeed"] = 1,
                    ["WeaponScale"] = 1,
                    ["CameraRotation"] = Vector3.new(0, 0, 10),
                    ["WeaponRotation"] = Vector3.new(0, 50, 5),
                    ["WeaponRotationVariance"] = Vector3.new(0, 2, 10),
                    ["RecoilScale"] = 1.25,
                    ["WeaponRotationAimScale"] = 0.1,
                    ["RecoilCrouchScale"] = 1,
                    ["WeaponMovementSpeed"] = 1,
                    ["RecoilProneScale"] = 1,
                    ["RecoilRecenter"] = 0.8,
                    ["RecoilAimScale"] = 0.75,
                    ["RecoilMovement"] = "2, 7",
                    ["WeaponAimScale"] = 1,
                    ["RecoilMovementVariance"] = "1, 3",
                    ["WeaponRotationSpeed"] = 2,
                    ["CameraSpeed"] = 3,
                    ["RecoilRecenterTime"] = 0.1,
                    ["RecoilMovementTime"] = 0.1,
                    ["WeaponMovement"] = Vector3.new(1, 0, 100),
                    ["CameraRotationVariance"] = Vector3.new(2, 2, 2),
                    ["WeaponMovementVariance"] = Vector3.new(0, 0, 20)
                }
            }
        }
    },
    ["FAMAS"] = {
        ["Config"] = {
            ["Handling"] = {
                ["IdleTime"] = 0.2,
                ["SprintTime"] = 0.2,
                ["Speed"] = 0.9,
                ["UnequipTime"] = 0.2,
                ["EquipTime"] = 0.2
            },
            ["Character"] = {["MoveSpeed"] = 0.95, ["TorsoTwist"] = 5},
            ["FirstPersonOffset"] = {
                ["Unequip"] = CFrame.new(
                    -0.200000003,
                    -2.5999999,
                    -1,
                    -4.37113883e-08,
                    -0.309017003,
                    0.95105654,
                    0,
                    0.95105654,
                    0.309017003,
                    -1,
                    1.35075622e-08,
                    -4.1572001e-08
                ),
                ["Default"] = CFrame.new(
                    0.800000012,
                    -1.20000005,
                    -0.699999988,
                    0.987688363,
                    -0.156434476,
                    0,
                    0.156434476,
                    0.987688363,
                    0,
                    0,
                    0,
                    1
                ),
                ["Crouch"] = CFrame.new(
                    0.800000012,
                    -1.20000005,
                    -0.699999988,
                    0.923879504,
                    -0.382683456,
                    0,
                    0.382683456,
                    0.923879504,
                    0,
                    0,
                    0,
                    1
                ),
                ["Equip"] = CFrame.new(
                    -0.200000003,
                    -2.5999999,
                    -1,
                    -4.37113883e-08,
                    -0.309017003,
                    0.95105654,
                    0,
                    0.95105654,
                    0.309017003,
                    -1,
                    1.35075622e-08,
                    -4.1572001e-08
                ),
                ["Sprint"] = CFrame.new(
                    0,
                    -1.39999998,
                    -0.5,
                    0.49999997,
                    -0.2676166,
                    0.823639154,
                    0,
                    0.95105654,
                    0.309017003,
                    -0.866025448,
                    -0.154508486,
                    0.47552824
                )
            },
            ["Category"] = "Assault Rifle",
            ["FireModes"] = {
                ["Burst"] = {["BurstAmount"] = 3, ["BurstRate"] = 1100, ["FireRate"] = 300},
                ["Auto"] = {["FireRate"] = 900}
            },
            ["Damage"] = {["Chest"] = 38, ["Base"] = 38, ["Head"] = 57},
            ["Animators"] = {"ImprovedPaintball"},
            ["Slot"] = "Primary",
            ["Controller"] = "Paintball",
            ["Magazine"] = {["ReloadTime"] = 1.7, ["Mode"] = "Default", ["Size"] = 30},
            ["ThirdPersonOffset"] = {
                ["Unequip"] = CFrame.new(
                    -0.5,
                    -2.5,
                    -0.5,
                    -4.37113883e-08,
                    -0.866025448,
                    0.49999997,
                    0,
                    0.49999997,
                    0.866025448,
                    -1,
                    3.78551732e-08,
                    -2.18556924e-08
                ),
                ["Default"] = CFrame.new(0.600000024, -0.600000024, -0.800000012, 1, 0, 0, 0, 1, 0, 0, 0, 1),
                ["Crouch"] = CFrame.new(0.600000024, -0.600000024, -0.800000012, 1, 0, 0, 0, 1, 0, 0, 0, 1),
                ["Equip"] = CFrame.new(
                    -0.5,
                    -2.5,
                    -0.5,
                    -4.37113883e-08,
                    -0.866025448,
                    0.49999997,
                    0,
                    0.49999997,
                    0.866025448,
                    -1,
                    3.78551732e-08,
                    -2.18556924e-08
                ),
                ["Sprint"] = CFrame.new(
                    0.100000001,
                    -0.800000012,
                    -0.300000012,
                    0.49999997,
                    -0.2676166,
                    0.823639154,
                    0,
                    0.95105654,
                    0.309017003,
                    -0.866025448,
                    -0.154508486,
                    0.47552824
                ),
                ["Aim"] = CFrame.new(
                    0.5,
                    0,
                    -1.20000005,
                    0.994521916,
                    -0.104528464,
                    0,
                    0.104528464,
                    0.994521916,
                    0,
                    0,
                    0,
                    1
                )
            },
            ["Aim"] = {["Attachment"] = "AimAttach", ["AimTime"] = 0.2, ["FOV"] = 0.6},
            ["Reticle"] = {
                ["AimScale"] = 0,
                ["ProneScale"] = 1,
                ["SlideScale"] = 1.2,
                ["VaultScale"] = 2,
                ["CrouchScale"] = 1,
                ["Size"] = 5
            },
            ["AttachmentSlots"] = {
                ["Optic"] = true,
                ["Stock"] = true,
                ["Ammo"] = true,
                ["Grip"] = true,
                ["Muzzle"] = true,
                ["Barrel"] = true,
                ["Laser"] = true,
                ["Underbarrel"] = true,
                ["Perk"] = true
            },
            ["Name"] = "Le Clairon",
            ["Model"] = "FAMAS",
            ["Projectile"] = {
                ["FalloffPercent"] = 0.7,
                ["FalloffEnd"] = 350,
                ["Template"] = "Paintball",
                ["Amount"] = 1,
                ["CollatDamageMultiplier"] = 0.45,
                ["CollatDepth"] = 2,
                ["GravityCorrection"] = 2,
                ["FalloffStart"] = 100
            },
            ["FireModeList"] = {"Burst"},
            ["Recoil"] = {
                ["Default"] = {
                    ["WeaponSnapback"] = 1,
                    ["WeaponMovementAimScale"] = 0.4,
                    ["CameraAimScale"] = 0.75,
                    ["CameraScale"] = 0.4,
                    ["RecoilSpeed"] = 1,
                    ["WeaponScale"] = 1,
                    ["CameraRotation"] = Vector3.new(0, 0, -10),
                    ["WeaponRotation"] = Vector3.new(0, 50, -30),
                    ["WeaponRotationVariance"] = Vector3.new(0, 0, 5),
                    ["RecoilScale"] = 1,
                    ["WeaponRotationAimScale"] = 0.1,
                    ["RecoilCrouchScale"] = 1,
                    ["WeaponMovementSpeed"] = 2,
                    ["RecoilProneScale"] = 1,
                    ["RecoilRecenter"] = 0.8,
                    ["RecoilAimScale"] = 0.6,
                    ["RecoilMovement"] = "1, 6.5",
                    ["WeaponAimScale"] = 1,
                    ["RecoilMovementVariance"] = "4, 1.5",
                    ["WeaponRotationSpeed"] = 1,
                    ["CameraSpeed"] = 3,
                    ["RecoilRecenterTime"] = 0.1,
                    ["RecoilMovementTime"] = 0.05,
                    ["WeaponMovement"] = Vector3.new(0, 0, 150),
                    ["CameraRotationVariance"] = Vector3.new(4, 4, 4),
                    ["WeaponMovementVariance"] = Vector3.new(0, 0, 30)
                }
            }
        }
    },
    ["MUTANT"] = {
        ["Config"] = {
            ["Handling"] = {
                ["IdleTime"] = 0.2,
                ["SprintTime"] = 0.2,
                ["Speed"] = 0.9,
                ["UnequipTime"] = 0.2,
                ["EquipTime"] = 0.2
            },
            ["Character"] = {["MoveSpeed"] = 0.92, ["TorsoTwist"] = 5},
            ["FirstPersonOffset"] = {
                ["Unequip"] = CFrame.new(
                    -0.200000003,
                    -2.5999999,
                    -1,
                    -4.37113883e-08,
                    -0.309017003,
                    0.95105654,
                    0,
                    0.95105654,
                    0.309017003,
                    -1,
                    1.35075622e-08,
                    -4.1572001e-08
                ),
                ["Default"] = CFrame.new(
                    0.800000012,
                    -1.20000005,
                    -0.5,
                    0.987688363,
                    -0.156434476,
                    0,
                    0.156434476,
                    0.987688363,
                    0,
                    0,
                    0,
                    1
                ),
                ["Crouch"] = CFrame.new(
                    0.699999988,
                    -1.20000005,
                    -0.5,
                    0.923879504,
                    -0.382683456,
                    0,
                    0.382683456,
                    0.923879504,
                    0,
                    0,
                    0,
                    1
                ),
                ["Equip"] = CFrame.new(
                    -0.200000003,
                    -2.5999999,
                    -1,
                    -4.37113883e-08,
                    -0.309017003,
                    0.95105654,
                    0,
                    0.95105654,
                    0.309017003,
                    -1,
                    1.35075622e-08,
                    -4.1572001e-08
                ),
                ["Sprint"] = CFrame.new(
                    0.100000001,
                    -1.29999995,
                    -0.5,
                    0.49999997,
                    -0.2676166,
                    0.823639154,
                    0,
                    0.95105654,
                    0.309017003,
                    -0.866025448,
                    -0.154508486,
                    0.47552824
                )
            },
            ["Category"] = "Assault Rifle",
            ["FireModes"] = {
                ["Auto"] = {["FireRate"] = 640},
                ["Burst"] = {["BurstAmount"] = 2, ["BurstRate"] = 1100, ["FireRate"] = 400},
                ["Semi"] = {["FireRate"] = 600}
            },
            ["Damage"] = {["Chest"] = 45, ["Base"] = 45, ["Head"] = 60},
            ["Animators"] = {"ImprovedPaintball"},
            ["Slot"] = "Primary",
            ["Controller"] = "Paintball",
            ["Magazine"] = {["ReloadTime"] = 1.8, ["Mode"] = "Default", ["Size"] = 30},
            ["ThirdPersonOffset"] = {
                ["Unequip"] = CFrame.new(
                    -0.5,
                    -2.5,
                    -0.5,
                    -4.37113883e-08,
                    -0.866025448,
                    0.49999997,
                    0,
                    0.49999997,
                    0.866025448,
                    -1,
                    3.78551732e-08,
                    -2.18556924e-08
                ),
                ["Default"] = CFrame.new(0.600000024, -0.600000024, -0.800000012, 1, 0, 0, 0, 1, 0, 0, 0, 1),
                ["Crouch"] = CFrame.new(0.600000024, -0.600000024, -0.800000012, 1, 0, 0, 0, 1, 0, 0, 0, 1),
                ["Equip"] = CFrame.new(
                    -0.5,
                    -2.5,
                    -0.5,
                    -4.37113883e-08,
                    -0.866025448,
                    0.49999997,
                    0,
                    0.49999997,
                    0.866025448,
                    -1,
                    3.78551732e-08,
                    -2.18556924e-08
                ),
                ["Sprint"] = CFrame.new(
                    0.100000001,
                    -0.800000012,
                    -0.300000012,
                    0.49999997,
                    -0.2676166,
                    0.823639154,
                    0,
                    0.95105654,
                    0.309017003,
                    -0.866025448,
                    -0.154508486,
                    0.47552824
                ),
                ["Aim"] = CFrame.new(
                    0.5,
                    0,
                    -1.20000005,
                    0.994521916,
                    -0.104528464,
                    0,
                    0.104528464,
                    0.994521916,
                    0,
                    0,
                    0,
                    1
                )
            },
            ["Aim"] = {["Attachment"] = "AimAttach", ["AimTime"] = 0.2, ["FOV"] = 0.6},
            ["Reticle"] = {
                ["AimScale"] = 0,
                ["ProneScale"] = 1,
                ["SlideScale"] = 1.2,
                ["VaultScale"] = 2,
                ["CrouchScale"] = 1,
                ["Size"] = 8
            },
            ["AttachmentSlots"] = {
                ["Optic"] = true,
                ["Stock"] = true,
                ["Ammo"] = true,
                ["Grip"] = true,
                ["Muzzle"] = true,
                ["Barrel"] = true,
                ["Laser"] = true,
                ["Underbarrel"] = true,
                ["Perk"] = true
            },
            ["Name"] = "CHIMERA",
            ["Model"] = "MUTANT",
            ["Projectile"] = {
                ["FalloffPercent"] = 0.7,
                ["FalloffEnd"] = 250,
                ["Template"] = "Paintball_Fast",
                ["Amount"] = 1,
                ["CollatDamageMultiplier"] = 0.5,
                ["CollatDepth"] = 2,
                ["GravityCorrection"] = 2,
                ["FalloffStart"] = 125
            },
            ["FireModeList"] = {"Burst", "Semi"},
            ["Recoil"] = {
                ["Default"] = {
                    ["WeaponSnapback"] = 1,
                    ["WeaponMovementAimScale"] = 0.4,
                    ["CameraAimScale"] = 0.75,
                    ["CameraScale"] = 0.4,
                    ["RecoilSpeed"] = 1,
                    ["WeaponScale"] = 1,
                    ["CameraRotation"] = Vector3.new(0, 0, -8),
                    ["WeaponRotation"] = Vector3.new(0, 50, -30),
                    ["WeaponRotationVariance"] = Vector3.new(0, 0, 5),
                    ["RecoilScale"] = 1,
                    ["WeaponRotationAimScale"] = 0.1,
                    ["RecoilCrouchScale"] = 1,
                    ["WeaponMovementSpeed"] = 2,
                    ["RecoilProneScale"] = 1,
                    ["RecoilRecenter"] = 0.8,
                    ["RecoilAimScale"] = 0.6,
                    ["RecoilMovement"] = "1, 8.5",
                    ["WeaponAimScale"] = 1,
                    ["RecoilMovementVariance"] = "4, 1.5",
                    ["WeaponRotationSpeed"] = 1,
                    ["CameraSpeed"] = 3,
                    ["RecoilRecenterTime"] = 0.1,
                    ["RecoilMovementTime"] = 0.05,
                    ["WeaponMovement"] = Vector3.new(0, 0, 150),
                    ["CameraRotationVariance"] = Vector3.new(4, 4, 4),
                    ["WeaponMovementVariance"] = Vector3.new(0, 0, 30)
                }
            }
        }
    },
    ["M16"] = {
        ["Config"] = {
            ["Handling"] = {
                ["IdleTime"] = 0.2,
                ["SprintTime"] = 0.2,
                ["Speed"] = 0.86,
                ["UnequipTime"] = 0.2,
                ["EquipTime"] = 0.2
            },
            ["Character"] = {["MoveSpeed"] = 0.95, ["TorsoTwist"] = 5},
            ["FirstPersonOffset"] = {
                ["Unequip"] = CFrame.new(
                    -0.200000003,
                    -2.5999999,
                    -1,
                    -4.37113883e-08,
                    -0.309017003,
                    0.95105654,
                    0,
                    0.95105654,
                    0.309017003,
                    -1,
                    1.35075622e-08,
                    -4.1572001e-08
                ),
                ["Default"] = CFrame.new(
                    0.800000012,
                    -1.20000005,
                    -0.300000012,
                    0.978147626,
                    -0.2079117,
                    0,
                    0.2079117,
                    0.978147626,
                    0,
                    0,
                    0,
                    1
                ),
                ["Crouch"] = CFrame.new(
                    0.800000012,
                    -1.20000005,
                    -0.300000012,
                    0.923879504,
                    -0.382683456,
                    0,
                    0.382683456,
                    0.923879504,
                    0,
                    0,
                    0,
                    1
                ),
                ["Equip"] = CFrame.new(
                    -0.200000003,
                    -2.5999999,
                    -1,
                    -4.37113883e-08,
                    -0.309017003,
                    0.95105654,
                    0,
                    0.95105654,
                    0.309017003,
                    -1,
                    1.35075622e-08,
                    -4.1572001e-08
                ),
                ["Sprint"] = CFrame.new(
                    0.300000012,
                    -1.20000005,
                    -0.400000006,
                    0.707106769,
                    -0.270598054,
                    0.65328145,
                    0,
                    0.923879504,
                    0.382683456,
                    -0.707106769,
                    -0.270598054,
                    0.65328145
                )
            },
            ["Category"] = "Assault Rifle",
            ["FireModes"] = {
                ["Burst"] = {["BurstAmount"] = 3, ["BurstRate"] = 950, ["FireRate"] = 300},
                ["Auto"] = {["FireRate"] = 600},
                ["Semi"] = {["FireRate"] = 600}
            },
            ["Damage"] = {["Chest"] = 40, ["Base"] = 34, ["Head"] = 50},
            ["Animators"] = {"ImprovedPaintball"},
            ["Slot"] = "Primary",
            ["Controller"] = "Paintball",
            ["Magazine"] = {["ReloadTime"] = 1.7, ["Mode"] = "Default", ["Size"] = 30},
            ["Aim"] = {["Attachment"] = "AimAttach", ["AimTime"] = 0.2, ["FOV"] = 0.6},
            ["ThirdPersonOffset"] = {
                ["Unequip"] = CFrame.new(
                    -0.5,
                    -2.5,
                    -0.5,
                    -4.37113883e-08,
                    -0.866025448,
                    0.49999997,
                    0,
                    0.49999997,
                    0.866025448,
                    -1,
                    3.78551732e-08,
                    -2.18556924e-08
                ),
                ["Default"] = CFrame.new(0.600000024, -0.600000024, -0.300000012, 1, 0, 0, 0, 1, 0, 0, 0, 1),
                ["Crouch"] = CFrame.new(0.600000024, -0.600000024, -0.300000012, 1, 0, 0, 0, 1, 0, 0, 0, 1),
                ["Equip"] = CFrame.new(
                    -0.5,
                    -2.5,
                    -0.5,
                    -4.37113883e-08,
                    -0.866025448,
                    0.49999997,
                    0,
                    0.49999997,
                    0.866025448,
                    -1,
                    3.78551732e-08,
                    -2.18556924e-08
                ),
                ["Sprint"] = CFrame.new(
                    0.100000001,
                    -0.800000012,
                    -0.300000012,
                    0.49999997,
                    -0.2676166,
                    0.823639154,
                    0,
                    0.95105654,
                    0.309017003,
                    -0.866025448,
                    -0.154508486,
                    0.47552824
                ),
                ["Aim"] = CFrame.new(
                    0.5,
                    0,
                    -0.800000012,
                    0.994521916,
                    -0.104528464,
                    0,
                    0.104528464,
                    0.994521916,
                    0,
                    0,
                    0,
                    1
                )
            },
            ["AttachmentSlots"] = {
                ["Optic"] = true,
                ["Stock"] = true,
                ["Ammo"] = true,
                ["Grip"] = true,
                ["Muzzle"] = true,
                ["Barrel"] = true,
                ["Laser"] = true,
                ["Underbarrel"] = true,
                ["Perk"] = true
            },
            ["Reticle"] = {
                ["AimScale"] = 0,
                ["ProneScale"] = 1,
                ["SlideScale"] = 1.2,
                ["VaultScale"] = 2,
                ["CrouchScale"] = 1,
                ["Size"] = 5
            },
            ["Model"] = "M16",
            ["Projectile"] = {
                ["FalloffPercent"] = 0.7,
                ["FalloffEnd"] = 225,
                ["Template"] = "Paintball",
                ["Amount"] = 1,
                ["CollatDamageMultiplier"] = 0.45,
                ["CollatDepth"] = 2,
                ["GravityCorrection"] = 2,
                ["FalloffStart"] = 120
            },
            ["FireModeList"] = {"Auto", "Semi"},
            ["Recoil"] = {
                ["Default"] = {
                    ["WeaponSnapback"] = 1,
                    ["WeaponMovementAimScale"] = 0.6,
                    ["CameraAimScale"] = 0.75,
                    ["CameraScale"] = 0.4,
                    ["RecoilSpeed"] = 1,
                    ["WeaponScale"] = 1,
                    ["CameraRotation"] = Vector3.new(0, 0, -8),
                    ["WeaponRotation"] = Vector3.new(0, 50, 0),
                    ["RecoilRecenter"] = 0.8,
                    ["WeaponRotationVariance"] = Vector3.new(0, 2, 30),
                    ["RecoilAccelStartScale"] = 1,
                    ["RecoilScale"] = 1.5,
                    ["WeaponRotationAimScale"] = 0.3,
                    ["RecoilCrouchScale"] = 1,
                    ["RecoilAccelStart"] = 1,
                    ["CameraRotationVariance"] = Vector3.new(4, 4, 4),
                    ["WeaponMovementSpeed"] = 1.8,
                    ["RecoilProneScale"] = 1,
                    ["RecoilAccelEndScale"] = 1,
                    ["RecoilAimScale"] = 0.75,
                    ["RecoilMovement"] = "-1, 5",
                    ["WeaponAimScale"] = 1,
                    ["RecoilMovementVariance"] = "2, 2",
                    ["WeaponRotationSpeed"] = 2.2,
                    ["CameraSpeed"] = 3,
                    ["RecoilRecenterTime"] = 0.15,
                    ["RecoilMovementTime"] = 0.08,
                    ["WeaponMovement"] = Vector3.new(2, 0, 100),
                    ["RecoilAccelEnd"] = 10,
                    ["WeaponMovementVariance"] = Vector3.new(0, 0, 20)
                },
                ["Auto"] = {}
            }
        }
    },
    ["AN-94"] = {
        ["Config"] = {
            ["Handling"] = {
                ["IdleTime"] = 0.2,
                ["SprintTime"] = 0.2,
                ["Speed"] = 0.9,
                ["UnequipTime"] = 0.2,
                ["EquipTime"] = 0.2
            },
            ["Character"] = {["MoveSpeed"] = 0.95, ["TorsoTwist"] = 5},
            ["FirstPersonOffset"] = {
                ["Unequip"] = CFrame.new(
                    -0.200000003,
                    -2.5999999,
                    -1,
                    -4.37113883e-08,
                    -0.309017003,
                    0.95105654,
                    0,
                    0.95105654,
                    0.309017003,
                    -1,
                    1.35075622e-08,
                    -4.1572001e-08
                ),
                ["Default"] = CFrame.new(
                    0.800000012,
                    -1.10000002,
                    -0.400000006,
                    0.987688363,
                    -0.156434476,
                    0,
                    0.156434476,
                    0.987688363,
                    0,
                    0,
                    0,
                    1
                ),
                ["Crouch"] = CFrame.new(
                    0.699999988,
                    -1.10000002,
                    -0.400000006,
                    0.923879504,
                    -0.382683456,
                    0,
                    0.382683456,
                    0.923879504,
                    0,
                    0,
                    0,
                    1
                ),
                ["Equip"] = CFrame.new(
                    -0.200000003,
                    -2.5999999,
                    -1,
                    -4.37113883e-08,
                    -0.309017003,
                    0.95105654,
                    0,
                    0.95105654,
                    0.309017003,
                    -1,
                    1.35075622e-08,
                    -4.1572001e-08
                ),
                ["Sprint"] = CFrame.new(
                    0.200000003,
                    -1.10000002,
                    -0.5,
                    0.49999997,
                    -0.2676166,
                    0.823639154,
                    0,
                    0.95105654,
                    0.309017003,
                    -0.866025448,
                    -0.154508486,
                    0.47552824
                )
            },
            ["Category"] = "Assault Rifle",
            ["FireModes"] = {
                ["Burst"] = {["BurstAmount"] = 2, ["BurstRate"] = 1200, ["FireRate"] = 800},
                ["Ramp"] = {["StartRate"] = 1200, ["RampTime"] = 0.1, ["FireRate"] = 650},
                ["Semi"] = {["FireRate"] = 750}
            },
            ["Damage"] = {["Chest"] = 32, ["Base"] = 30, ["Head"] = 45},
            ["Animators"] = {"ImprovedPaintball"},
            ["Slot"] = "Primary",
            ["Controller"] = "Paintball",
            ["Magazine"] = {["ReloadTime"] = 1.7, ["Mode"] = "Default", ["Size"] = 30},
            ["Aim"] = {["Attachment"] = "AimAttach", ["AimTime"] = 0.2, ["FOV"] = 0.6},
            ["ThirdPersonOffset"] = {
                ["Unequip"] = CFrame.new(
                    -0.5,
                    -2.5,
                    -0.5,
                    -4.37113883e-08,
                    -0.866025448,
                    0.49999997,
                    0,
                    0.49999997,
                    0.866025448,
                    -1,
                    3.78551732e-08,
                    -2.18556924e-08
                ),
                ["Default"] = CFrame.new(0.600000024, -0.600000024, -0.300000012, 1, 0, 0, 0, 1, 0, 0, 0, 1),
                ["Crouch"] = CFrame.new(0.600000024, -0.600000024, -0.300000012, 1, 0, 0, 0, 1, 0, 0, 0, 1),
                ["Equip"] = CFrame.new(
                    -0.5,
                    -2.5,
                    -0.5,
                    -4.37113883e-08,
                    -0.866025448,
                    0.49999997,
                    0,
                    0.49999997,
                    0.866025448,
                    -1,
                    3.78551732e-08,
                    -2.18556924e-08
                ),
                ["Sprint"] = CFrame.new(
                    0.100000001,
                    -0.800000012,
                    -0.300000012,
                    0.49999997,
                    -0.2676166,
                    0.823639154,
                    0,
                    0.95105654,
                    0.309017003,
                    -0.866025448,
                    -0.154508486,
                    0.47552824
                ),
                ["Aim"] = CFrame.new(
                    0.5,
                    0,
                    -0.800000012,
                    0.994521916,
                    -0.104528464,
                    0,
                    0.104528464,
                    0.994521916,
                    0,
                    0,
                    0,
                    1
                )
            },
            ["AttachmentSlots"] = {
                ["Optic"] = true,
                ["Stock"] = true,
                ["Ammo"] = true,
                ["Grip"] = true,
                ["Muzzle"] = true,
                ["Barrel"] = true,
                ["Laser"] = true,
                ["Underbarrel"] = true,
                ["Perk"] = true
            },
            ["Reticle"] = {
                ["AimScale"] = 0,
                ["ProneScale"] = 1,
                ["SlideScale"] = 1.2,
                ["VaultScale"] = 2,
                ["CrouchScale"] = 1,
                ["Size"] = 6
            },
            ["Model"] = "AN-94",
            ["Projectile"] = {
                ["FalloffPercent"] = 0.7,
                ["FalloffEnd"] = 250,
                ["Template"] = "Paintball",
                ["Amount"] = 1,
                ["CollatDamageMultiplier"] = 0.45,
                ["CollatDepth"] = 2,
                ["GravityCorrection"] = 2,
                ["FalloffStart"] = 125
            },
            ["FireModeList"] = {"Burst", "Semi"},
            ["Recoil"] = {
                ["Default"] = {
                    ["WeaponSnapback"] = 1,
                    ["WeaponMovementAimScale"] = 1,
                    ["CameraAimScale"] = 0.75,
                    ["CameraScale"] = 0.4,
                    ["RecoilSpeed"] = 1,
                    ["WeaponScale"] = 1,
                    ["CameraRotation"] = Vector3.new(0, 0, 8),
                    ["RecoilAimScale"] = 0.75,
                    ["WeaponRotation"] = Vector3.new(0, 50, 5),
                    ["RecoilAccelStartScale"] = 1,
                    ["WeaponRotationVariance"] = Vector3.new(0, 2, 10),
                    ["CameraRotationVariance"] = Vector3.new(4, 4, 4),
                    ["RecoilScale"] = 1.25,
                    ["WeaponRotationAimScale"] = 0.1,
                    ["RecoilCrouchScale"] = 1,
                    ["RecoilAccelStart"] = 1,
                    ["RecoilProneScale"] = 1,
                    ["WeaponMovementSpeed"] = 1,
                    ["RecoilRecenter"] = 0.8,
                    ["RecoilAccelEndScale"] = 1,
                    ["RecoilRecenterTime"] = 0.14,
                    ["RecoilMovement"] = "2, 5",
                    ["WeaponAimScale"] = 1,
                    ["RecoilMovementVariance"] = "2, 1",
                    ["WeaponRotationSpeed"] = 2,
                    ["CameraSpeed"] = 3,
                    ["RecoilMovementTime"] = 0.08,
                    ["RecoilFrameDelay"] = 1,
                    ["WeaponMovement"] = Vector3.new(1, 0, 100),
                    ["RecoilAccelEnd"] = 10,
                    ["WeaponMovementVariance"] = Vector3.new(0, 0, 20)
                },
                ["Auto"] = {}
            }
        }
    },
    ["XK-416"] = {
        ["Config"] = {
            ["Handling"] = {
                ["IdleTime"] = 0.2,
                ["SprintTime"] = 0.2,
                ["Speed"] = 0.9,
                ["UnequipTime"] = 0.2,
                ["EquipTime"] = 0.2
            },
            ["Character"] = {["MoveSpeed"] = 0.94, ["TorsoTwist"] = 5},
            ["FirstPersonOffset"] = {
                ["Unequip"] = CFrame.new(
                    -0.200000003,
                    -2.5999999,
                    -1,
                    -4.37113883e-08,
                    -0.309017003,
                    0.95105654,
                    0,
                    0.95105654,
                    0.309017003,
                    -1,
                    1.35075622e-08,
                    -4.1572001e-08
                ),
                ["Default"] = CFrame.new(
                    0.800000012,
                    -1.20000005,
                    -0.300000012,
                    0.978147626,
                    -0.2079117,
                    0,
                    0.2079117,
                    0.978147626,
                    0,
                    0,
                    0,
                    1
                ),
                ["Crouch"] = CFrame.new(
                    0.800000012,
                    -1.20000005,
                    -0.300000012,
                    0.923879504,
                    -0.382683456,
                    0,
                    0.382683456,
                    0.923879504,
                    0,
                    0,
                    0,
                    1
                ),
                ["Equip"] = CFrame.new(
                    -0.200000003,
                    -2.5999999,
