data = {
    ["Smokier Grenade"] = {
        ["Config"] = {
            ["Animators"] = {"Throwable"},
            ["Slot"] = "Throwable",
            ["Controller"] = "Throwable",
            ["ThirdPersonOffset"] = {
                ["Unequip"] = CFrame.new(
                    -0.5,
                    -2.5,
                    -0.5,
                    -4.37113883e-08,
                    -0.866025448,
                    0.49999997,
                    0,
                    0.49999997,
                    0.866025448,
                    -1,
                    3.78551732e-08,
                    -2.18556924e-08
                ),
                ["Default"] = CFrame.new(0.5, 0.300000012, -1, 1, 0, 0, 0, 1, 0, 0, 0, 1),
                ["Crouch"] = CFrame.new(0.5, 0.300000012, -1, 1, 0, 0, 0, 1, 0, 0, 0, 1),
                ["Equip"] = CFrame.new(
                    -0.5,
                    -2.5,
                    -0.5,
                    -4.37113883e-08,
                    -0.866025448,
                    0.49999997,
                    0,
                    0.49999997,
                    0.866025448,
                    -1,
                    3.78551732e-08,
                    -2.18556924e-08
                ),
                ["Sprint"] = CFrame.new(0.5, 0.300000012, -1, 1, 0, 0, 0, 1, 0, 0, 0, 1)
            },
            ["Throwable"] = {
                ["Velocity"] = 100,
                ["GravityCorrection"] = 10,
                ["Effect"] = "GiantSmoke",
                ["CookTime"] = 8,
                ["Mode"] = "Default",
                ["ThrowRate"] = 3,
                ["ExplodeOnImpact"] = false
            },
            ["Character"] = {["MoveSpeed"] = 1, ["TorsoTwist"] = -3},
            ["FirstPersonOffset"] = {
                ["Unequip"] = CFrame.new(
                    -0.200000003,
                    -2.5999999,
                    -1,
                    -4.37113883e-08,
                    -0.309017003,
                    0.95105654,
                    0,
                    0.95105654,
                    0.309017003,
                    -1,
                    1.35075622e-08,
                    -4.1572001e-08
                ),
                ["Default"] = CFrame.new(1, -1.10000002, -1.29999995, 1, 0, 0, 0, 1, 0, 0, 0, 1),
                ["Crouch"] = CFrame.new(1, -1.10000002, -1.29999995, 1, 0, 0, 0, 1, 0, 0, 0, 1),
                ["Equip"] = CFrame.new(
                    -0.200000003,
                    -2.5999999,
                    -1,
                    -4.37113883e-08,
                    -0.309017003,
                    0.95105654,
                    0,
                    0.95105654,
                    0.309017003,
                    -1,
                    1.35075622e-08,
                    -4.1572001e-08
                ),
                ["Sprint"] = CFrame.new(1, -1.20000005, -1.20000005, 1, 0, 0, 0, 1, 0, 0, 0, 1)
            },
            ["Model"] = "Smokier Grenade",
            ["Category"] = "Utility",
            ["Handling"] = {
                ["IdleTime"] = 0.2,
                ["SprintTime"] = 0.2,
                ["Speed"] = 1,
                ["UnequipTime"] = 0.2,
                ["EquipTime"] = 0.2
            },
            ["Reticle"] = {
                ["AimScale"] = 0,
                ["KeepVisible"] = true,
                ["ProneScale"] = 1,
                ["SlideScale"] = 1.2,
                ["VaultScale"] = 2,
                ["CrouchScale"] = 1,
                ["Size"] = 1
            },
            ["Damage"] = {["Radius"] = 1024, ["Base"] = 0, ["Ramp"] = 0.66}
        }
    },
    ["Semtex"] = {
        ["Config"] = {
            ["Animators"] = {"Throwable"},
            ["Slot"] = "Throwable",
            ["Controller"] = "Throwable",
            ["ThirdPersonOffset"] = {
                ["Unequip"] = CFrame.new(
                    -0.5,
                    -2.5,
                    -0.5,
                    -4.37113883e-08,
                    -0.866025448,
                    0.49999997,
                    0,
                    0.49999997,
                    0.866025448,
                    -1,
                    3.78551732e-08,
                    -2.18556924e-08
                ),
                ["Default"] = CFrame.new(0.5, 0.300000012, -1, 1, 0, 0, 0, 1, 0, 0, 0, 1),
                ["Crouch"] = CFrame.new(0.5, 0.300000012, -1, 1, 0, 0, 0, 1, 0, 0, 0, 1),
                ["Equip"] = CFrame.new(
                    -0.5,
                    -2.5,
                    -0.5,
                    -4.37113883e-08,
                    -0.866025448,
                    0.49999997,
                    0,
                    0.49999997,
                    0.866025448,
                    -1,
                    3.78551732e-08,
                    -2.18556924e-08
                ),
                ["Sprint"] = CFrame.new(0.5, 0.300000012, -1, 1, 0, 0, 0, 1, 0, 0, 0, 1)
            },
            ["Handling"] = {
                ["IdleTime"] = 0.2,
                ["SprintScale"] = 0,
                ["SprintTime"] = 0.2,
                ["Speed"] = 1,
                ["UnequipTime"] = 0.2,
                ["EquipTime"] = 0.2
            },
            ["Category"] = "Grenade",
            ["Character"] = {["MoveSpeed"] = 1, ["TorsoTwist"] = -3},
            ["FirstPersonOffset"] = {
                ["Unequip"] = CFrame.new(
                    -0.200000003,
                    -2.5999999,
                    -1,
                    -4.37113883e-08,
                    -0.309017003,
                    0.95105654,
                    0,
                    0.95105654,
                    0.309017003,
                    -1,
                    1.35075622e-08,
                    -4.1572001e-08
                ),
                ["Default"] = CFrame.new(1, -1.10000002, -1.60000002, 1, 0, 0, 0, 1, 0, 0, 0, 1),
                ["Crouch"] = CFrame.new(1, -1.10000002, -1.60000002, 1, 0, 0, 0, 1, 0, 0, 0, 1),
                ["Equip"] = CFrame.new(
                    -0.200000003,
                    -2.5999999,
                    -1,
                    -4.37113883e-08,
                    -0.309017003,
                    0.95105654,
                    0,
                    0.95105654,
                    0.309017003,
                    -1,
                    1.35075622e-08,
                    -4.1572001e-08
                ),
                ["Sprint"] = CFrame.new(1, -1.20000005, -1.39999998, 1, 0, 0, 0, 1, 0, 0, 0, 1)
            },
            ["Model"] = "Semtex",
            ["Carrying"] = {["Size"] = 2},
            ["Damage"] = {["Radius"] = 25, ["ImpactDamage"] = 10, ["Ramp"] = 0.5, ["ExplosionDamage"] = 150},
            ["Reticle"] = {
                ["AimScale"] = 0,
                ["KeepVisible"] = true,
                ["ProneScale"] = 1,
                ["SlideScale"] = 1.2,
                ["VaultScale"] = 2,
                ["CrouchScale"] = 1,
                ["Size"] = 1
            },
            ["PhysicsProjectile"] = {
                ["Bounciness"] = 0.4,
                ["StickLifeTime"] = 1.2,
                ["Effect"] = "Explosion",
                ["GravityCorrection"] = 10,
                ["Velocity"] = 200,
                ["Gravity"] = 100,
                ["StickToEnemy"] = true,
                ["ActOnImpact"] = false,
                ["CanCook"] = false,
                ["ActOnImpactWithEnemy"] = false,
                ["Model"] = "Semtex",
                ["StickToGeometry"] = true,
                ["Mode"] = "Default",
                ["ThrowRate"] = 2,
                ["LifeTime"] = 3
            }
        }
    },
    ["INSTA-Heal"] = {
        ["Config"] = {
            ["QuickThrowDelay"] = 1,
            ["Animators"] = {"INSTAHeal"},
            ["Slot"] = "Throwable",
            ["Controller"] = "INSTAHeal",
            ["ThirdPersonOffset"] = {
                ["Unequip"] = CFrame.new(
                    -0.5,
                    -2.5,
                    -0.5,
                    -4.37113883e-08,
                    -0.866025448,
                    0.49999997,
                    0,
                    0.49999997,
                    0.866025448,
                    -1,
                    3.78551732e-08,
                    -2.18556924e-08
                ),
                ["Default"] = CFrame.new(
                    0,
                    0.300000012,
                    -1.29999995,
                    1,
                    0,
                    0,
                    0,
                    0.995004177,
                    0.0998334214,
                    0,
                    -0.0998334214,
                    0.995004177
                ),
                ["Crouch"] = CFrame.new(
                    0,
                    0.300000012,
                    -1.29999995,
                    1,
                    0,
                    0,
                    0,
                    0.995004177,
                    0.0998334214,
                    0,
                    -0.0998334214,
                    0.995004177
                ),
                ["Equip"] = CFrame.new(
                    -0.5,
                    -2.5,
                    -0.5,
                    -4.37113883e-08,
                    -0.866025448,
                    0.49999997,
                    0,
                    0.49999997,
                    0.866025448,
                    -1,
                    3.78551732e-08,
                    -2.18556924e-08
                ),
                ["Sprint"] = CFrame.new(
                    0,
                    -0.300000012,
                    -1.20000005,
                    1,
                    0,
                    0,
                    0,
                    0.955336511,
                    0.295520216,
                    0,
                    -0.295520216,
                    0.955336511
                )
            },
            ["Handling"] = {
                ["IdleTime"] = 0.2,
                ["SprintTime"] = 0.2,
                ["Speed"] = 0.8,
                ["UnequipTime"] = 0.2,
                ["EquipTime"] = 0.2
            },
            ["Equipment"] = {["Shake"] = 0.75, ["RechargeSpeed"] = 1.5, ["HealthPartitions"] = 10, ["TimeToHeal"] = 1},
            ["Heal"] = {},
            ["FirstPersonOffset"] = {
                ["Unequip"] = CFrame.new(
                    0.699999988,
                    -2,
                    0,
                    -4.37113883e-08,
                    0,
                    -1,
                    1,
                    -4.37113883e-08,
                    -4.37113883e-08,
                    -4.37113883e-08,
                    -1,
                    1.91068547e-15
                ),
                ["Default"] = CFrame.new(
                    0.800000012,
                    -1,
                    -1.20000005,
                    0.995004177,
                    -0.0998334214,
                    0,
                    0.0998334214,
                    0.995004177,
                    0,
                    0,
                    0,
                    1
                ),
                ["Crouch"] = CFrame.new(
                    0.699999988,
                    -1,
                    -1.20000005,
                    0.980066597,
                    -0.198669329,
                    0,
                    0.198669329,
                    0.980066597,
                    0,
                    0,
                    0,
                    1
                ),
                ["Equip"] = CFrame.new(
                    0.699999988,
                    -2,
                    0,
                    -4.37113883e-08,
                    0,
                    -1,
                    1,
                    -4.37113883e-08,
                    -4.37113883e-08,
                    -4.37113883e-08,
                    -1,
                    1.91068547e-15
                ),
                ["Sprint"] = CFrame.new(
                    0.699999988,
                    -1.20000005,
                    -0.800000012,
                    0.955336511,
                    -0.295520216,
                    0,
                    0.282321244,
                    0.912667871,
                    0.295520216,
                    -0.0873321965,
                    -0.282321244,
                    0.955336511
                )
            },
            ["Model"] = "INSTA-Heal",
            ["Character"] = {["MoveSpeed"] = 1, ["TorsoTwist"] = 0},
            ["Reticle"] = {
                ["AimScale"] = 0,
                ["Hidden"] = true,
                ["ProneScale"] = 1,
                ["SlideScale"] = 1,
                ["VaultScale"] = 1,
                ["CrouchScale"] = 1,
                ["Size"] = 10
            },
            ["Category"] = "Utility"
        }
    },
    ["Frag"] = {
        ["Config"] = {
            ["Animators"] = {"Throwable"},
            ["Slot"] = "Throwable",
            ["Controller"] = "Throwable",
            ["ThirdPersonOffset"] = {
                ["Unequip"] = CFrame.new(
                    -0.5,
                    -2.5,
                    -0.5,
                    -4.37113883e-08,
                    -0.866025448,
                    0.49999997,
                    0,
                    0.49999997,
                    0.866025448,
                    -1,
                    3.78551732e-08,
                    -2.18556924e-08
                ),
                ["Default"] = CFrame.new(0.5, 0.300000012, -1, 1, 0, 0, 0, 1, 0, 0, 0, 1),
                ["Crouch"] = CFrame.new(0.5, 0.300000012, -1, 1, 0, 0, 0, 1, 0, 0, 0, 1),
                ["Equip"] = CFrame.new(
                    -0.5,
                    -2.5,
                    -0.5,
                    -4.37113883e-08,
                    -0.866025448,
                    0.49999997,
                    0,
                    0.49999997,
                    0.866025448,
                    -1,
                    3.78551732e-08,
                    -2.18556924e-08
                ),
                ["Sprint"] = CFrame.new(0.5, 0.300000012, -1, 1, 0, 0, 0, 1, 0, 0, 0, 1)
            },
            ["Handling"] = {
                ["IdleTime"] = 0.2,
                ["SprintTime"] = 0.2,
                ["Speed"] = 1,
                ["UnequipTime"] = 0.2,
                ["EquipTime"] = 0.2
            },
            ["Character"] = {["MoveSpeed"] = 1, ["TorsoTwist"] = -3},
            ["FirstPersonOffset"] = {
                ["Unequip"] = CFrame.new(
                    -0.200000003,
                    -2.5999999,
                    -1,
                    -4.37113883e-08,
                    -0.309017003,
                    0.95105654,
                    0,
                    0.95105654,
                    0.309017003,
                    -1,
                    1.35075622e-08,
                    -4.1572001e-08
                ),
                ["Default"] = CFrame.new(1, -1.10000002, -1.60000002, 1, 0, 0, 0, 1, 0, 0, 0, 1),
                ["Crouch"] = CFrame.new(1, -1.10000002, -1.60000002, 1, 0, 0, 0, 1, 0, 0, 0, 1),
                ["Equip"] = CFrame.new(
                    -0.200000003,
                    -2.5999999,
                    -1,
                    -4.37113883e-08,
                    -0.309017003,
                    0.95105654,
                    0,
                    0.95105654,
                    0.309017003,
                    -1,
                    1.35075622e-08,
                    -4.1572001e-08
                ),
                ["Sprint"] = CFrame.new(1, -1.20000005, -1.39999998, 1, 0, 0, 0, 1, 0, 0, 0, 1)
            },
            ["Model"] = "Frag",
            ["Category"] = "Grenade",
            ["Damage"] = {["Radius"] = 25, ["ImpactDamage"] = 10, ["Ramp"] = 0.66, ["ExplosionDamage"] = 150},
            ["Reticle"] = {
                ["AimScale"] = 0,
                ["KeepVisible"] = true,
                ["ProneScale"] = 1,
                ["SlideScale"] = 1.2,
                ["VaultScale"] = 2,
                ["CrouchScale"] = 1,
                ["Size"] = 1
            },
            ["PhysicsProjectile"] = {
                ["Effect"] = "Explosion",
                ["Velocity"] = 150,
                ["Bounciness"] = 0.4,
                ["GravityCorrection"] = 10,
                ["ActOnImpact"] = false,
                ["Gravity"] = 100,
                ["CanCook"] = true,
                ["Model"] = "Frag",
                ["ActOnImpactWithEnemy"] = false,
                ["Mode"] = "Default",
                ["ThrowRate"] = 2,
                ["LifeTime"] = 3
            }
        }
    },
    ["Beach Ball"] = {
        ["Config"] = {
            ["Animators"] = {"Throwable"},
            ["Slot"] = "Throwable",
            ["Controller"] = "Throwable",
            ["ThirdPersonOffset"] = {
                ["Unequip"] = CFrame.new(
                    -0.5,
                    -2.5,
                    -0.5,
                    -4.37113883e-08,
                    -0.866025448,
                    0.49999997,
                    0,
                    0.49999997,
                    0.866025448,
                    -1,
                    3.78551732e-08,
                    -2.18556924e-08
                ),
                ["Default"] = CFrame.new(0.5, 0.300000012, -1, 1, 0, 0, 0, 1, 0, 0, 0, 1),
                ["Crouch"] = CFrame.new(0.5, 0.300000012, -1, 1, 0, 0, 0, 1, 0, 0, 0, 1),
                ["Equip"] = CFrame.new(
                    -0.5,
                    -2.5,
                    -0.5,
                    -4.37113883e-08,
                    -0.866025448,
                    0.49999997,
                    0,
                    0.49999997,
                    0.866025448,
                    -1,
                    3.78551732e-08,
                    -2.18556924e-08
                ),
                ["Sprint"] = CFrame.new(0.5, 0.300000012, -1, 1, 0, 0, 0, 1, 0, 0, 0, 1)
            },
            ["Handling"] = {
                ["IdleTime"] = 0.2,
                ["SprintScale"] = 0,
                ["SprintTime"] = 0.2,
                ["Speed"] = 1,
                ["UnequipTime"] = 0.2,
                ["EquipTime"] = 0.2
            },
            ["Category"] = "Grenade",
            ["Equipment"] = {["RechargeSpeed"] = 2},
            ["Character"] = {["MoveSpeed"] = 1, ["TorsoTwist"] = -3},
            ["FirstPersonOffset"] = {
                ["Unequip"] = CFrame.new(
                    -0.200000003,
                    -2.5999999,
                    -1,
                    -4.37113883e-08,
                    -0.309017003,
                    0.95105654,
                    0,
                    0.95105654,
                    0.309017003,
                    -1,
                    1.35075622e-08,
                    -4.1572001e-08
                ),
                ["Default"] = CFrame.new(1, -1.10000002, -1.60000002, 1, 0, 0, 0, 1, 0, 0, 0, 1),
                ["Crouch"] = CFrame.new(1, -1.10000002, -1.60000002, 1, 0, 0, 0, 1, 0, 0, 0, 1),
                ["Equip"] = CFrame.new(
                    -0.200000003,
                    -2.5999999,
                    -1,
                    -4.37113883e-08,
                    -0.309017003,
                    0.95105654,
                    0,
                    0.95105654,
                    0.309017003,
                    -1,
                    1.35075622e-08,
                    -4.1572001e-08
                ),
                ["Sprint"] = CFrame.new(1, -1.20000005, -1.39999998, 1, 0, 0, 0, 1, 0, 0, 0, 1)
            },
            ["Model"] = "Beach Ball",
            ["Carrying"] = {["Size"] = 5},
            ["Damage"] = {["Radius"] = 12, ["ImpactDamage"] = 0, ["Ramp"] = 1, ["ExplosionDamage"] = 85},
            ["Reticle"] = {
                ["KeepVisible"] = true,
                ["AimScale"] = 0,
                ["SprintScale"] = 0,
                ["ProneScale"] = 1,
                ["SlideScale"] = 1.2,
                ["VaultScale"] = 2,
                ["CrouchScale"] = 1,
                ["Size"] = 1
            },
            ["PhysicsProjectile"] = {
                ["Effect"] = "Pop",
                ["Size"] = 1.5,
                ["Velocity"] = 175,
                ["Bounciness"] = 0.7,
                ["GravityCorrection"] = 10,
                ["ActOnImpact"] = false,
                ["Gravity"] = 120,
                ["CanCook"] = false,
                ["Model"] = "Beach Ball",
                ["ActOnImpactWithEnemy"] = true,
                ["Mode"] = "Default",
                ["ThrowRate"] = 5,
                ["LifeTime"] = 2
            }
        }
    },
    ["Tomahawk"] = {
        ["Config"] = {
            ["Animators"] = {"ThrowingKnife"},
            ["Category"] = "Throwing Knife",
            ["Slot"] = "Throwable",
            ["Controller"] = "ThrowingKnife",
            ["ThirdPersonOffset"] = {
                ["Unequip"] = CFrame.new(
                    -0.5,
                    -2.5,
                    -0.5,
                    -4.37113883e-08,
                    -0.866025448,
                    0.49999997,
                    0,
                    0.49999997,
                    0.866025448,
                    -1,
                    3.78551732e-08,
                    -2.18556924e-08
                ),
                ["Default"] = CFrame.new(0.5, 0.300000012, -1, 1, 0, 0, 0, 1, 0, 0, 0, 1),
                ["Crouch"] = CFrame.new(0.5, 0.300000012, -1, 1, 0, 0, 0, 1, 0, 0, 0, 1),
                ["Equip"] = CFrame.new(
                    -0.5,
                    -2.5,
                    -0.5,
                    -4.37113883e-08,
                    -0.866025448,
                    0.49999997,
                    0,
                    0.49999997,
                    0.866025448,
                    -1,
                    3.78551732e-08,
                    -2.18556924e-08
                ),
                ["Sprint"] = CFrame.new(0.5, 0.300000012, -1, 1, 0, 0, 0, 1, 0, 0, 0, 1)
            },
            ["Throwable"] = {["ThrowRate"] = 2},
            ["Carrying"] = {["Size"] = 4},
            ["Equipment"] = {["RechargeSpeed"] = 3},
            ["Character"] = {["MoveSpeed"] = 1, ["TorsoTwist"] = 3},
            ["FirstPersonOffset"] = {
                ["Unequip"] = CFrame.new(
                    -0.200000003,
                    -2.5999999,
                    -1,
                    -4.37113883e-08,
                    -0.309017003,
                    0.95105654,
                    0,
                    0.95105654,
                    0.309017003,
                    -1,
                    1.35075622e-08,
                    -4.1572001e-08
                ),
                ["Default"] = CFrame.new(0.800000012, -1.10000002, -1.60000002, 1, 0, 0, 0, 1, 0, 0, 0, 1),
                ["Crouch"] = CFrame.new(0.800000012, -1.10000002, -1.60000002, 1, 0, 0, 0, 1, 0, 0, 0, 1),
                ["Equip"] = CFrame.new(
                    -0.200000003,
                    -2.5999999,
                    -1,
                    -4.37113883e-08,
                    -0.309017003,
                    0.95105654,
                    0,
                    0.95105654,
                    0.309017003,
                    -1,
                    1.35075622e-08,
                    -4.1572001e-08
                ),
                ["Sprint"] = CFrame.new(0.800000012, -1.20000005, -1.39999998, 1, 0, 0, 0, 1, 0, 0, 0, 1)
            },
            ["Model"] = "Tomahawk",
            ["Projectile"] = {["Template"] = "Tomahawk", ["GravityCorrection"] = 5},
            ["Handling"] = {
                ["IdleTime"] = 0.2,
                ["SprintTime"] = 0.2,
                ["Speed"] = 1,
                ["UnequipTime"] = 0.2,
                ["EquipTime"] = 0.2
            },
            ["Reticle"] = {
                ["KeepVisible"] = true,
                ["AimScale"] = 0,
                ["SprintScale"] = 0,
                ["ProneScale"] = 1,
                ["SlideScale"] = 1,
                ["VaultScale"] = 1,
                ["CrouchScale"] = 1,
                ["Size"] = 1
            },
            ["Damage"] = {["Chest"] = 150, ["Base"] = 150, ["Head"] = 150}
        }
    },
    ["Quicklime"] = {
        ["Config"] = {
            ["Animators"] = {"Throwable"},
            ["Slot"] = "Throwable",
            ["Controller"] = "Throwable",
            ["ThirdPersonOffset"] = {
                ["Unequip"] = CFrame.new(
                    -0.5,
                    -2.5,
                    -0.5,
                    -4.37113883e-08,
                    -0.866025448,
                    0.49999997,
                    0,
                    0.49999997,
                    0.866025448,
                    -1,
                    3.78551732e-08,
                    -2.18556924e-08
                ),
                ["Default"] = CFrame.new(0.5, 0.300000012, -1, 1, 0, 0, 0, 1, 0, 0, 0, 1),
                ["Crouch"] = CFrame.new(0.5, 0.300000012, -1, 1, 0, 0, 0, 1, 0, 0, 0, 1),
                ["Equip"] = CFrame.new(
                    -0.5,
                    -2.5,
                    -0.5,
                    -4.37113883e-08,
                    -0.866025448,
                    0.49999997,
                    0,
                    0.49999997,
                    0.866025448,
                    -1,
                    3.78551732e-08,
                    -2.18556924e-08
                ),
                ["Sprint"] = CFrame.new(0.5, 0.300000012, -1, 1, 0, 0, 0, 1, 0, 0, 0, 1)
            },
            ["Handling"] = {
                ["IdleTime"] = 0.2,
                ["SprintTime"] = 0.2,
                ["Speed"] = 1,
                ["UnequipTime"] = 0.2,
                ["EquipTime"] = 0.2
            },
            ["Character"] = {["MoveSpeed"] = 1, ["TorsoTwist"] = -3},
            ["FirstPersonOffset"] = {
                ["Unequip"] = CFrame.new(
                    -0.200000003,
                    -2.5999999,
                    -1,
                    -4.37113883e-08,
                    -0.309017003,
                    0.95105654,
                    0,
                    0.95105654,
                    0.309017003,
                    -1,
                    1.35075622e-08,
                    -4.1572001e-08
                ),
                ["Default"] = CFrame.new(1, -1.10000002, -1.29999995, 1, 0, 0, 0, 1, 0, 0, 0, 1),
                ["Crouch"] = CFrame.new(1, -1.10000002, -1.29999995, 1, 0, 0, 0, 1, 0, 0, 0, 1),
                ["Equip"] = CFrame.new(
                    -0.200000003,
                    -2.5999999,
                    -1,
                    -4.37113883e-08,
                    -0.309017003,
                    0.95105654,
                    0,
                    0.95105654,
                    0.309017003,
                    -1,
                    1.35075622e-08,
                    -4.1572001e-08
                ),
                ["Sprint"] = CFrame.new(1, -1.20000005, -1.10000002, 1, 0, 0, 0, 1, 0, 0, 0, 1)
            },
            ["Model"] = "Quicklime",
            ["Category"] = "Grenade",
            ["Damage"] = {
                ["AOERadiusGrowthDuration"] = 0.4,
                ["Radius"] = 18,
                ["AOEDuration"] = 14,
                ["Ramp"] = 0.66,
                ["AOETickDamageDelay"] = 0.1,
                ["AOEEndRadius"] = 18,
                ["AOEStartRadius"] = 1,
                ["AOETickDamage"] = 70,
                ["ExplosionDamage"] = 35
            },
            ["Reticle"] = {
                ["AimScale"] = 0,
                ["KeepVisible"] = true,
                ["ProneScale"] = 1,
                ["SlideScale"] = 1.2,
                ["VaultScale"] = 2,
                ["CrouchScale"] = 1,
                ["Size"] = 1
            },
            ["PhysicsProjectile"] = {
                ["Effect"] = "Quicklime",
                ["Velocity"] = 150,
                ["ActOnImpact"] = true,
                ["GravityCorrection"] = 10,
                ["CanCook"] = false,
                ["Model"] = "Quicklime",
                ["ActOnImpactWithEnemy"] = true,
                ["Mode"] = "Area",
                ["ThrowRate"] = 2,
                ["LifeTime"] = 5
            }
        }
    },
    ["Comically Large Bundle Of Dynamite"] = {
        ["Config"] = {
            ["Animators"] = {"Throwable"},
            ["Slot"] = "Throwable",
            ["Controller"] = "Throwable",
            ["ThirdPersonOffset"] = {
                ["Unequip"] = CFrame.new(
                    -0.5,
                    -2.5,
                    -0.5,
                    -4.37113883e-08,
                    -0.866025448,
                    0.49999997,
                    0,
                    0.49999997,
                    0.866025448,
                    -1,
                    3.78551732e-08,
                    -2.18556924e-08
                ),
                ["Default"] = CFrame.new(0.5, 0.300000012, -1, 1, 0, 0, 0, 1, 0, 0, 0, 1),
                ["Crouch"] = CFrame.new(0.5, 0.300000012, -1, 1, 0, 0, 0, 1, 0, 0, 0, 1),
                ["Equip"] = CFrame.new(
                    -0.5,
                    -2.5,
                    -0.5,
                    -4.37113883e-08,
                    -0.866025448,
                    0.49999997,
                    0,
                    0.49999997,
                    0.866025448,
                    -1,
                    3.78551732e-08,
                    -2.18556924e-08
                ),
                ["Sprint"] = CFrame.new(0.5, 0.300000012, -1, 1, 0, 0, 0, 1, 0, 0, 0, 1)
            },
            ["Handling"] = {
                ["IdleTime"] = 0.2,
                ["SprintTime"] = 0.2,
                ["Speed"] = 1,
                ["UnequipTime"] = 0.2,
                ["EquipTime"] = 0.2
            },
            ["Character"] = {["MoveSpeed"] = 1, ["TorsoTwist"] = -3},
            ["FirstPersonOffset"] = {
                ["Unequip"] = CFrame.new(
                    -0.200000003,
                    -2.5999999,
                    -1,
                    -4.37113883e-08,
                    -0.309017003,
                    0.95105654,
                    0,
                    0.95105654,
                    0.309017003,
                    -1,
                    1.35075622e-08,
                    -4.1572001e-08
                ),
                ["Default"] = CFrame.new(1, -1.10000002, -1.60000002, 1, 0, 0, 0, 1, 0, 0, 0, 1),
                ["Crouch"] = CFrame.new(1, -1.10000002, -1.60000002, 1, 0, 0, 0, 1, 0, 0, 0, 1),
                ["Equip"] = CFrame.new(
                    -0.200000003,
                    -2.5999999,
                    -1,
                    -4.37113883e-08,
                    -0.309017003,
                    0.95105654,
                    0,
                    0.95105654,
                    0.309017003,
                    -1,
                    1.35075622e-08,
                    -4.1572001e-08
                ),
                ["Sprint"] = CFrame.new(1, -1.20000005, -1.39999998, 1, 0, 0, 0, 1, 0, 0, 0, 1)
            },
            ["Model"] = "Comically Large Bundle Of Dynamite",
            ["Category"] = "Grenade",
            ["Damage"] = {
                ["PopcornAmount"] = 300,
                ["ImpactDamage"] = 150,
                ["Ramp"] = 0.66,
                ["PopcornExplosionDamage"] = 100,
                ["PopcornRadius"] = 300,
                ["PopcornDelay"] = 0.001,
                ["Radius"] = 300
            },
            ["Reticle"] = {
                ["AimScale"] = 0,
                ["KeepVisible"] = true,
                ["ProneScale"] = 1,
                ["SlideScale"] = 1.2,
                ["VaultScale"] = 2,
                ["CrouchScale"] = 1,
                ["Size"] = 1
            },
            ["PhysicsProjectile"] = {
                ["Effect"] = "Explosion",
                ["Velocity"] = 130,
                ["Size"] = 2,
                ["ActOnImpact"] = false,
                ["Bounciness"] = 0.3,
                ["GravityCorrection"] = 11,
                ["Model"] = "Comically Large Bundle Of Dynamite",
                ["LifeTime"] = 300,
                ["Mode"] = "Popcorn",
                ["ThrowRate"] = 2,
                ["CanCook"] = true
            }
        }
    },
    ["Flashbang"] = {
        ["Config"] = {
            ["Animators"] = {"Throwable"},
            ["Slot"] = "Throwable",
            ["Controller"] = "Throwable",
            ["ThirdPersonOffset"] = {
                ["Unequip"] = CFrame.new(
                    -0.5,
                    -2.5,
                    -0.5,
                    -4.37113883e-08,
                    -0.866025448,
                    0.49999997,
                    0,
                    0.49999997,
                    0.866025448,
                    -1,
                    3.78551732e-08,
                    -2.18556924e-08
                ),
                ["Default"] = CFrame.new(0.5, 0.300000012, -1, 1, 0, 0, 0, 1, 0, 0, 0, 1),
                ["Crouch"] = CFrame.new(0.5, 0.300000012, -1, 1, 0, 0, 0, 1, 0, 0, 0, 1),
                ["Equip"] = CFrame.new(
                    -0.5,
                    -2.5,
                    -0.5,
                    -4.37113883e-08,
                    -0.866025448,
                    0.49999997,
                    0,
                    0.49999997,
                    0.866025448,
                    -1,
                    3.78551732e-08,
                    -2.18556924e-08
                ),
                ["Sprint"] = CFrame.new(0.5, 0.300000012, -1, 1, 0, 0, 0, 1, 0, 0, 0, 1),
                ["Aim"] = CFrame.new(0.5, 0.300000012, -1, 1, 0, 0, 0, 1, 0, 0, 0, 1)
            },
            ["Handling"] = {
                ["IdleTime"] = 0.2,
                ["SprintTime"] = 0.2,
                ["Speed"] = 1,
                ["UnequipTime"] = 0.2,
                ["EquipTime"] = 0.2
            },
            ["Character"] = {["MoveSpeed"] = 1, ["TorsoTwist"] = -3},
            ["FirstPersonOffset"] = {
                ["Unequip"] = CFrame.new(
                    -0.200000003,
                    -2.5999999,
                    -1,
                    -4.37113883e-08,
                    -0.309017003,
                    0.95105654,
                    0,
                    0.95105654,
                    0.309017003,
                    -1,
                    1.35075622e-08,
                    -4.1572001e-08
                ),
                ["Default"] = CFrame.new(1, -1.10000002, -1.60000002, 1, 0, 0, 0, 1, 0, 0, 0, 1),
                ["Crouch"] = CFrame.new(1, -1.10000002, -1.60000002, 1, 0, 0, 0, 1, 0, 0, 0, 1),
                ["Equip"] = CFrame.new(
                    -0.200000003,
                    -2.5999999,
                    -1,
                    -4.37113883e-08,
                    -0.309017003,
                    0.95105654,
                    0,
                    0.95105654,
                    0.309017003,
                    -1,
                    1.35075622e-08,
                    -4.1572001e-08
                ),
                ["Sprint"] = CFrame.new(1, -1.20000005, -1.39999998, 1, 0, 0, 0, 1, 0, 0, 0, 1)
            },
            ["Model"] = "Flashbang",
            ["Category"] = "Grenade",
            ["Damage"] = {["Radius"] = 25, ["ImpactDamage"] = 50, ["Ramp"] = 0.66, ["ExplosionDamage"] = 25},
            ["Reticle"] = {
                ["AimScale"] = 0,
                ["KeepVisible"] = true,
                ["ProneScale"] = 1,
                ["SlideScale"] = 1.2,
                ["VaultScale"] = 2,
                ["CrouchScale"] = 1,
                ["Size"] = 1
            },
            ["PhysicsProjectile"] = {
                ["Effect"] = "Flashbang",
                ["Bounce"] = 0.4,
                ["ActOnImpact"] = false,
                ["GravityCorrection"] = 5,
                ["Model"] = "Flashbang",
                ["CanCook"] = true,
                ["Mode"] = "Default",
                ["ThrowRate"] = 2,
                ["LifeTime"] = 3
            }
        }
    },
    ["Smoke Grenade"] = {
        ["Config"] = {
            ["Animators"] = {"Throwable"},
            ["Slot"] = "Throwable",
            ["Controller"] = "Throwable",
            ["ThirdPersonOffset"] = {
                ["Unequip"] = CFrame.new(
                    -0.5,
                    -2.5,
                    -0.5,
                    -4.37113883e-08,
                    -0.866025448,
                    0.49999997,
                    0,
                    0.49999997,
                    0.866025448,
                    -1,
                    3.78551732e-08,
                    -2.18556924e-08
                ),
                ["Default"] = CFrame.new(0.5, 0.300000012, -1, 1, 0, 0, 0, 1, 0, 0, 0, 1),
                ["Crouch"] = CFrame.new(0.5, 0.300000012, -1, 1, 0, 0, 0, 1, 0, 0, 0, 1),
                ["Equip"] = CFrame.new(
                    -0.5,
                    -2.5,
                    -0.5,
                    -4.37113883e-08,
                    -0.866025448,
                    0.49999997,
                    0,
                    0.49999997,
                    0.866025448,
                    -1,
                    3.78551732e-08,
                    -2.18556924e-08
                ),
                ["Sprint"] = CFrame.new(0.5, 0.300000012, -1, 1, 0, 0, 0, 1, 0, 0, 0, 1)
            },
            ["Handling"] = {
                ["IdleTime"] = 0.2,
                ["SprintTime"] = 0.2,
                ["Speed"] = 1,
                ["UnequipTime"] = 0.2,
                ["EquipTime"] = 0.2
            },
            ["Character"] = {["MoveSpeed"] = 1, ["TorsoTwist"] = -3},
            ["FirstPersonOffset"] = {
                ["Unequip"] = CFrame.new(
                    -0.200000003,
                    -2.5999999,
                    -1,
                    -4.37113883e-08,
                    -0.309017003,
                    0.95105654,
                    0,
                    0.95105654,
                    0.309017003,
                    -1,
                    1.35075622e-08,
                    -4.1572001e-08
                ),
                ["Default"] = CFrame.new(1, -1.10000002, -1.29999995, 1, 0, 0, 0, 1, 0, 0, 0, 1),
                ["Crouch"] = CFrame.new(1, -1.10000002, -1.29999995, 1, 0, 0, 0, 1, 0, 0, 0, 1),
                ["Equip"] = CFrame.new(
                    -0.200000003,
                    -2.5999999,
                    -1,
                    -4.37113883e-08,
                    -0.309017003,
                    0.95105654,
                    0,
                    0.95105654,
                    0.309017003,
                    -1,
                    1.35075622e-08,
                    -4.1572001e-08
                ),
                ["Sprint"] = CFrame.new(1, -1.20000005, -1.20000005, 1, 0, 0, 0, 1, 0, 0, 0, 1)
            },
            ["Model"] = "Smoke Grenade",
            ["Category"] = "Utility",
            ["Damage"] = {["Radius"] = 30, ["ImpactDamage"] = 50, ["Ramp"] = 0.66, ["ExplosionDamage"] = 0},
            ["Reticle"] = {
                ["AimScale"] = 0,
                ["KeepVisible"] = true,
                ["ProneScale"] = 1,
                ["SlideScale"] = 1.2,
                ["VaultScale"] = 2,
                ["CrouchScale"] = 1,
                ["Size"] = 1
            },
            ["PhysicsProjectile"] = {
                ["Effect"] = "Smoke",
                ["Velocity"] = 150,
                ["ActOnImpact"] = false,
