data = {
    ["Copper Gun"] = {
        ["Config"] = {
            ["Handling"] = {
                ["IdleTime"] = 0.2,
                ["SprintTime"] = 0.2,
                ["Speed"] = 0.9,
                ["UnequipTime"] = 0.2,
                ["EquipTime"] = 0.2
            },
            ["Character"] = {["MoveSpeed"] = 1, ["TorsoTwist"] = 3},
            ["FirstPersonOffset"] = {
                ["Unequip"] = CFrame.new(1, -2, 0, 1, 0, 0, 0, -4.37113883e-08, 1, 0, -1, -4.37113883e-08),
                ["Default"] = CFrame.new(
                    0.800000012,
                    -1.29999995,
                    -1.5,
                    0.987688363,
                    -0.156434476,
                    0,
                    0.156434476,
                    0.987688363,
                    0,
                    0,
                    0,
                    1
                ),
                ["Crouch"] = CFrame.new(
                    0.699999988,
                    -1.39999998,
                    -1.5,
                    0.923879504,
                    -0.382683456,
                    0,
                    0.382683456,
                    0.923879504,
                    0,
                    0,
                    0,
                    1
                ),
                ["Equip"] = CFrame.new(0.800000012, -2, 0, 1, 0, 0, 0, -4.37113883e-08, 1, 0, -1, -4.37113883e-08),
                ["Sprint"] = CFrame.new(0, -1.20000005, -1.39999998, 1, 0, 0, 0, 1, 0, 0, 0, 1)
            },
            ["Category"] = "Pistol",
            ["FireModes"] = {["Burst"] = {["BurstAmount"] = 6, ["BurstRate"] = 1300, ["FireRate"] = 300}},
            ["Damage"] = {["Chest"] = 60, ["Base"] = 40, ["Head"] = 75},
            ["Animators"] = {"ImprovedPaintball"},
            ["Slot"] = "Secondary",
            ["Controller"] = "Paintball",
            ["Magazine"] = {["ReloadTime"] = 1.6, ["Mode"] = "Default", ["Size"] = 6},
            ["Aim"] = {["Attachment"] = "AimAttach", ["AimTime"] = 0.1, ["FOV"] = 0.7},
            ["ThirdPersonOffset"] = {
                ["Unequip"] = CFrame.new(
                    -0.5,
                    -2.5,
                    -0.5,
                    -4.37113883e-08,
                    -0.866025448,
                    0.49999997,
                    0,
                    0.49999997,
                    0.866025448,
                    -1,
                    3.78551732e-08,
                    -2.18556924e-08
                ),
                ["Default"] = CFrame.new(0.5, 0.300000012, -1.70000005, 1, 0, 0, 0, 1, 0, 0, 0, 1),
                ["Crouch"] = CFrame.new(0.5, 0.300000012, -1.70000005, 1, 0, 0, 0, 1, 0, 0, 0, 1),
                ["Equip"] = CFrame.new(
                    -0.5,
                    -2.5,
                    -0.5,
                    -4.37113883e-08,
                    -0.866025448,
                    0.49999997,
                    0,
                    0.49999997,
                    0.866025448,
                    -1,
                    3.78551732e-08,
                    -2.18556924e-08
                ),
                ["Sprint"] = CFrame.new(
                    0.699999988,
                    0.5,
                    -0.200000003,
                    1,
                    0,
                    0,
                    0,
                    -4.37113883e-08,
                    -1,
                    0,
                    1,
                    -4.37113883e-08
                ),
                ["Aim"] = CFrame.new(
                    0.300000012,
                    0.5,
                    -1.5,
                    0.994521916,
                    -0.104528464,
                    0,
                    0.104528464,
                    0.994521916,
                    0,
                    0,
                    0,
                    1
                )
            },
            ["Reticle"] = {
                ["AimScale"] = 0,
                ["ProneScale"] = 1,
                ["SlideScale"] = 1.2,
                ["VaultScale"] = 2,
                ["CrouchScale"] = 1,
                ["Size"] = 0
            },
            ["Model"] = "Copper Gun",
            ["Projectile"] = {
                ["GravityCorrection"] = 0.1,
                ["CollatDepth"] = 5,
                ["Template"] = "Paintball",
                ["Amount"] = 1
            },
            ["FireModeList"] = {"Burst"},
            ["Recoil"] = {
                ["Default"] = {
                    ["WeaponSnapback"] = 1,
                    ["WeaponMovementAimScale"] = 1,
                    ["CameraAimScale"] = 1.2,
                    ["CameraScale"] = 0.75,
                    ["RecoilSpeed"] = 1,
                    ["WeaponScale"] = 1.2,
                    ["CameraRotation"] = Vector3.new(0, 0, 30),
                    ["WeaponRotation"] = Vector3.new(-100, 400, -200),
                    ["WeaponRotationVariance"] = Vector3.new(30, 30, 30),
                    ["RecoilScale"] = 1.5,
                    ["WeaponRotationAimScale"] = 1,
                    ["RecoilCrouchScale"] = 1,
                    ["WeaponMovementSpeed"] = 0.4,
                    ["RecoilProneScale"] = 1,
                    ["RecoilRecenter"] = 0.8,
                    ["RecoilAimScale"] = 0.75,
                    ["RecoilMovement"] = "7, 20",
                    ["WeaponAimScale"] = 1,
                    ["RecoilMovementVariance"] = "5, 10",
                    ["WeaponRotationSpeed"] = 0.6,
                    ["CameraSpeed"] = 3,
                    ["RecoilRecenterTime"] = 0.3,
                    ["RecoilMovementTime"] = 0.15,
                    ["WeaponMovement"] = Vector3.new(150, 50, 150),
                    ["CameraRotationVariance"] = Vector3.new(20, 20, 10),
                    ["WeaponMovementVariance"] = Vector3.new(0, 0, 0)
                }
            }
        }
    },
    ["Emerald Daggers"] = {
        ["Config"] = {
            ["Handling"] = {
                ["IdleTime"] = 0.2,
                ["SprintTime"] = 0.2,
                ["Speed"] = 0.9,
                ["UnequipTime"] = 0.2,
                ["EquipTime"] = 0.2
            },
            ["Character"] = {["MoveSpeed"] = 1, ["TorsoTwist"] = 3},
            ["FirstPersonOffset"] = {
                ["Unequip"] = CFrame.new(1, -2, 0, 1, 0, 0, 0, -4.37113883e-08, 1, 0, -1, -4.37113883e-08),
                ["Default"] = CFrame.new(0, -1.29999995, -1.5, 1, 0, 0, 0, 1, 0, 0, 0, 1),
                ["Crouch"] = CFrame.new(0, -1.39999998, -1.5, 1, 0, 0, 0, 1, 0, 0, 0, 1),
                ["Equip"] = CFrame.new(0.800000012, -2, 0, 1, 0, 0, 0, -4.37113883e-08, 1, 0, -1, -4.37113883e-08),
                ["Sprint"] = CFrame.new(0, -1.20000005, -1.39999998, 1, 0, 0, 0, 1, 0, 0, 0, 1)
            },
            ["Category"] = "Special",
            ["FireModes"] = {["Semi"] = {["FireRate"] = 140}},
            ["Damage"] = {["Chest"] = 30, ["Base"] = 20, ["Head"] = 30},
            ["Animators"] = {"ImprovedPaintballForScrapbooking"},
            ["Slot"] = "Primary",
            ["Controller"] = "Paintball",
            ["Magazine"] = {["ReloadTime"] = 1.633, ["Mode"] = "Default", ["Size"] = 310},
            ["Aim"] = {["Attachment"] = "AimAttach", ["AimTime"] = 0.2, ["FOV"] = 0.8},
            ["ThirdPersonOffset"] = {
                ["Unequip"] = CFrame.new(
                    -0.5,
                    -2.5,
                    -0.5,
                    -4.37113883e-08,
                    -0.866025448,
                    0.49999997,
                    0,
                    0.49999997,
                    0.866025448,
                    -1,
                    3.78551732e-08,
                    -2.18556924e-08
                ),
                ["Default"] = CFrame.new(0.5, 0.300000012, -1.70000005, 1, 0, 0, 0, 1, 0, 0, 0, 1),
                ["Crouch"] = CFrame.new(0.5, 0.300000012, -1.70000005, 1, 0, 0, 0, 1, 0, 0, 0, 1),
                ["Equip"] = CFrame.new(
                    -0.5,
                    -2.5,
                    -0.5,
                    -4.37113883e-08,
                    -0.866025448,
                    0.49999997,
                    0,
                    0.49999997,
                    0.866025448,
                    -1,
                    3.78551732e-08,
                    -2.18556924e-08
                ),
                ["Sprint"] = CFrame.new(
                    0.699999988,
                    0.5,
                    -0.200000003,
                    1,
                    0,
                    0,
                    0,
                    -4.37113883e-08,
                    -1,
                    0,
                    1,
                    -4.37113883e-08
                ),
                ["Aim"] = CFrame.new(
                    0.300000012,
                    0.5,
                    -1.5,
                    0.994521916,
                    -0.104528464,
                    0,
                    0.104528464,
                    0.994521916,
                    0,
                    0,
                    0,
                    1
                )
            },
            ["AttachmentSlots"] = {
                ["Muzzle"] = true,
                ["Barrel"] = true,
                ["Laser"] = true,
                ["Underbarrel"] = true,
                ["Optic"] = true,
                ["Ammo"] = true,
                ["Perk"] = true,
                ["Grip"] = true
            },
            ["Reticle"] = {
                ["AimScale"] = 1,
                ["KeepVisible"] = true,
                ["ProneScale"] = 1,
                ["SlideScale"] = 1,
                ["VaultScale"] = 1,
                ["CrouchScale"] = 1,
                ["Size"] = 4
            },
            ["Model"] = "Emerald Daggers",
            ["Projectile"] = {
                ["Template"] = "Emerald",
                ["Amount"] = 3,
                ["FalloffPercent"] = 0.3,
                ["GravityCorrection"] = 0,
                ["FalloffEnd"] = 400,
                ["FalloffStart"] = 250
            },
            ["FireModeList"] = {"Semi"},
            ["Recoil"] = {
                ["Default"] = {
                    ["WeaponSnapback"] = 1,
                    ["WeaponMovementAimScale"] = 1,
                    ["CameraAimScale"] = 1.2,
                    ["CameraScale"] = 0.75,
                    ["RecoilSpeed"] = 0,
                    ["WeaponScale"] = 1,
                    ["CameraRotation"] = Vector3.new(0, 0, 0),
                    ["WeaponRotation"] = Vector3.new(0, 0, 0),
                    ["WeaponRotationVariance"] = Vector3.new(0, 0, 0),
                    ["RecoilScale"] = 0,
                    ["WeaponRotationAimScale"] = 1,
                    ["RecoilCrouchScale"] = 0,
                    ["WeaponMovementSpeed"] = 0,
                    ["RecoilProneScale"] = 0,
                    ["RecoilRecenter"] = 0,
                    ["RecoilAimScale"] = 0,
                    ["RecoilMovement"] = "0, 0",
                    ["WeaponAimScale"] = 1,
                    ["RecoilMovementVariance"] = "0, 0",
                    ["WeaponRotationSpeed"] = 0,
                    ["CameraSpeed"] = 0,
                    ["RecoilRecenterTime"] = 0,
                    ["RecoilMovementTime"] = 0,
                    ["WeaponMovement"] = Vector3.new(0, 0, 0),
                    ["CameraRotationVariance"] = Vector3.new(0, 0, 0),
                    ["WeaponMovementVariance"] = Vector3.new(0, 0, 0)
                }
            }
        }
    },
    ["Infected Knife"] = {
        ["Config"] = {
            ["Animators"] = {"Melee"},
            ["Melee"] = {
                ["SpeedDebuffLength"] = 0.5,
                ["Time"] = 0.05,
                ["SpeedDebuff"] = 0.5,
                ["Speed"] = 4,
                ["Angle"] = 0,
                ["Range"] = 6,
                ["Delay"] = 0
            },
            ["Slot"] = "Melee",
            ["Controller"] = "Melee",
            ["ThirdPersonOffset"] = {
                ["Unequip"] = CFrame.new(
                    -0.5,
                    -2.5,
                    -0.5,
                    -4.37113883e-08,
                    -0.866025448,
                    0.49999997,
                    0,
                    0.49999997,
                    0.866025448,
                    -1,
                    3.78551732e-08,
                    -2.18556924e-08
                ),
                ["Default"] = CFrame.new(0, -0.200000003, -1.5, 1, 0, 0, 0, 1, 0, 0, 0, 1),
                ["Crouch"] = CFrame.new(0, -0.200000003, -1.5, 1, 0, 0, 0, 1, 0, 0, 0, 1),
                ["Equip"] = CFrame.new(
                    -0.5,
                    -2.5,
                    -0.5,
                    -4.37113883e-08,
                    -0.866025448,
                    0.49999997,
                    0,
                    0.49999997,
                    0.866025448,
                    -1,
                    3.78551732e-08,
                    -2.18556924e-08
                ),
                ["Sprint"] = CFrame.new(0, -0.200000003, -1.5, 1, 0, 0, 0, 1, 0, 0, 0, 1)
            },
            ["Handling"] = {
                ["IdleTime"] = 0.15,
                ["SprintTime"] = 0.15,
                ["Speed"] = 1,
                ["UnequipTime"] = 0.15,
                ["EquipTime"] = 0.15
            },
            ["Character"] = {["MoveSpeed"] = 1.15, ["TorsoTwist"] = 0},
            ["FirstPersonOffset"] = {
                ["Unequip"] = CFrame.new(
                    0.5,
                    -1.5,
                    0.600000024,
                    0.707106769,
                    -0.707106769,
                    0,
                    0.353553355,
                    0.353553355,
                    0.866025448,
                    -0.612372458,
                    -0.612372458,
                    0.49999997
                ),
                ["Default"] = CFrame.new(0, -1, -1.10000002, 1, 0, 0, 0, 1, 0, 0, 0, 1),
                ["Crouch"] = CFrame.new(0, -1, -1.10000002, 1, 0, 0, 0, 1, 0, 0, 0, 1),
                ["Equip"] = CFrame.new(
                    -0.200000003,
                    -2.5,
                    -1,
                    -4.37113883e-08,
                    -0.866025448,
                    0.49999997,
                    0,
                    0.49999997,
                    0.866025448,
                    -1,
                    3.78551732e-08,
                    -2.18556924e-08
                ),
                ["Sprint"] = CFrame.new(0, -1, -1.10000002, 1, 0, 0, 0, 1, 0, 0, 0, 1)
            },
            ["Model"] = "Butterfly Knife",
            ["Category"] = "Knife",
            ["Reticle"] = {
                ["AimScale"] = 1,
                ["KeepVisible"] = true,
                ["ProneScale"] = 1,
                ["SlideScale"] = 1,
                ["VaultScale"] = 1,
                ["CrouchScale"] = 1,
                ["Size"] = 0
            },
            ["Damage"] = {["Base"] = 75, ["Backstab"] = 150}
        }
    },
    ["Platinum Gun"] = {
        ["Config"] = {
            ["Handling"] = {
                ["IdleTime"] = 0,
                ["SprintTime"] = 0.05,
                ["Speed"] = 3,
                ["UnequipTime"] = 0.05,
                ["EquipTime"] = 0.05
            },
            ["Character"] = {["MoveSpeed"] = 1.05, ["TorsoTwist"] = 3},
            ["FirstPersonOffset"] = {
                ["Unequip"] = CFrame.new(1, -2, 0, 1, 0, 0, 0, -4.37113883e-08, 1, 0, -1, -4.37113883e-08),
                ["Default"] = CFrame.new(
                    0.800000012,
                    -1.29999995,
                    -1.5,
                    0.987688363,
                    -0.156434476,
                    0,
                    0.156434476,
                    0.987688363,
                    0,
                    0,
                    0,
                    1
                ),
                ["Crouch"] = CFrame.new(
                    0.699999988,
                    -1.39999998,
                    -1.5,
                    0.923879504,
                    -0.382683456,
                    0,
                    0.382683456,
                    0.923879504,
                    0,
                    0,
                    0,
                    1
                ),
                ["Equip"] = CFrame.new(0.800000012, -2, 0, 1, 0, 0, 0, -4.37113883e-08, 1, 0, -1, -4.37113883e-08),
                ["Sprint"] = CFrame.new(0, -1.20000005, -1.39999998, 1, 0, 0, 0, 1, 0, 0, 0, 1)
            },
            ["Category"] = "Pistol",
            ["FireModes"] = {["Auto"] = {["FireRate"] = 3000}, ["Semi"] = {["FireRate"] = 1000}},
            ["Damage"] = {["Chest"] = 150, ["Base"] = 150, ["Head"] = 150},
            ["Animators"] = {"ImprovedPaintball"},
            ["Slot"] = "Secondary",
            ["Controller"] = "Paintball",
            ["Magazine"] = {["ReloadTime"] = 1.4, ["Mode"] = "Default", ["Size"] = 10000},
            ["Aim"] = {["Attachment"] = "AimAttach", ["AimTime"] = 0.05, ["FOV"] = 0.7},
            ["ThirdPersonOffset"] = {
                ["Unequip"] = CFrame.new(
                    -0.5,
                    -2.5,
                    -0.5,
                    -4.37113883e-08,
                    -0.866025448,
                    0.49999997,
                    0,
                    0.49999997,
                    0.866025448,
                    -1,
                    3.78551732e-08,
                    -2.18556924e-08
                ),
                ["Default"] = CFrame.new(0.5, 0.300000012, -1.70000005, 1, 0, 0, 0, 1, 0, 0, 0, 1),
                ["Crouch"] = CFrame.new(0.5, 0.300000012, -1.70000005, 1, 0, 0, 0, 1, 0, 0, 0, 1),
                ["Equip"] = CFrame.new(
                    -0.5,
                    -2.5,
                    -0.5,
                    -4.37113883e-08,
                    -0.866025448,
                    0.49999997,
                    0,
                    0.49999997,
                    0.866025448,
                    -1,
                    3.78551732e-08,
                    -2.18556924e-08
                ),
                ["Sprint"] = CFrame.new(
                    0.699999988,
                    0.5,
                    -0.200000003,
                    1,
                    0,
                    0,
                    0,
                    -4.37113883e-08,
                    -1,
                    0,
                    1,
                    -4.37113883e-08
                ),
                ["Aim"] = CFrame.new(
                    0.300000012,
                    0.5,
                    -1.5,
                    0.994521916,
                    -0.104528464,
                    0,
                    0.104528464,
                    0.994521916,
                    0,
                    0,
                    0,
                    1
                )
            },
            ["RecoilKnockback"] = {["Mode"] = "camera", ["Power"] = 100},
            ["FireModeList"] = {"Auto", "Semi"},
            ["Model"] = "Platinum Gun",
            ["Projectile"] = {
                ["DamageRadius"] = 10,
                ["Template"] = "Paintball_NTW",
                ["Amount"] = 5,
                ["CollatDepth"] = 5,
                ["GravityCorrection"] = 5
            },
            ["Reticle"] = {
                ["AimScale"] = 0,
                ["ProneScale"] = 20,
                ["SlideScale"] = 20,
                ["VaultScale"] = 20,
                ["CrouchScale"] = 0,
                ["Size"] = 20
            },
            ["Recoil"] = {
                ["Default"] = {
                    ["WeaponSnapback"] = 1,
                    ["WeaponMovementAimScale"] = 1,
                    ["CameraAimScale"] = 1.2,
                    ["CameraScale"] = 0.75,
                    ["RecoilSpeed"] = 1,
                    ["WeaponScale"] = 1.2,
                    ["CameraRotation"] = Vector3.new(0, 0, 30),
                    ["WeaponRotation"] = Vector3.new(-100, 400, -200),
                    ["WeaponRotationVariance"] = Vector3.new(30, 30, 30),
                    ["RecoilScale"] = 1.5,
                    ["WeaponRotationAimScale"] = 1,
                    ["RecoilCrouchScale"] = 1,
                    ["WeaponMovementSpeed"] = 0.4,
                    ["RecoilProneScale"] = 1,
                    ["RecoilRecenter"] = 0.8,
                    ["RecoilAimScale"] = 0.75,
                    ["RecoilMovement"] = "7, 20",
                    ["WeaponAimScale"] = 1,
                    ["RecoilMovementVariance"] = "5, 10",
                    ["WeaponRotationSpeed"] = 0.6,
                    ["CameraSpeed"] = 3,
                    ["RecoilRecenterTime"] = 0.3,
                    ["RecoilMovementTime"] = 0.15,
                    ["WeaponMovement"] = Vector3.new(150, 50, 150),
                    ["CameraRotationVariance"] = Vector3.new(20, 20, 10),
                    ["WeaponMovementVariance"] = Vector3.new(0, 0, 0)
                }
            }
        }
    },
    ["Infected Throwing Knife"] = {
        ["Config"] = {
            ["Animators"] = {"ThrowingKnife"},
            ["Slot"] = "Throwable",
            ["Controller"] = "ThrowingKnife",
            ["ThirdPersonOffset"] = {
                ["Unequip"] = CFrame.new(
                    -0.5,
                    -2.5,
                    -0.5,
                    -4.37113883e-08,
                    -0.866025448,
                    0.49999997,
                    0,
                    0.49999997,
                    0.866025448,
                    -1,
                    3.78551732e-08,
                    -2.18556924e-08
                ),
                ["Default"] = CFrame.new(0.5, 0.300000012, -1, 1, 0, 0, 0, 1, 0, 0, 0, 1),
                ["Crouch"] = CFrame.new(0.5, 0.300000012, -1, 1, 0, 0, 0, 1, 0, 0, 0, 1),
                ["Equip"] = CFrame.new(
                    -0.5,
                    -2.5,
                    -0.5,
                    -4.37113883e-08,
                    -0.866025448,
                    0.49999997,
                    0,
                    0.49999997,
                    0.866025448,
                    -1,
                    3.78551732e-08,
                    -2.18556924e-08
                ),
                ["Sprint"] = CFrame.new(0.5, 0.300000012, -1, 1, 0, 0, 0, 1, 0, 0, 0, 1)
            },
            ["Throwable"] = {["ThrowRate"] = 2},
            ["Category"] = "Throwing Knife",
            ["Equipment"] = {["RechargeSpeed"] = 1.5},
            ["Character"] = {["MoveSpeed"] = 1, ["TorsoTwist"] = 3},
            ["FirstPersonOffset"] = {
                ["Unequip"] = CFrame.new(
                    -0.200000003,
                    -2.5999999,
                    -1,
                    -4.37113883e-08,
                    -0.309017003,
                    0.95105654,
                    0,
                    0.95105654,
                    0.309017003,
                    -1,
                    1.35075622e-08,
                    -4.1572001e-08
                ),
                ["Default"] = CFrame.new(0.800000012, -1.10000002, -1.60000002, 1, 0, 0, 0, 1, 0, 0, 0, 1),
                ["Crouch"] = CFrame.new(0.800000012, -1.10000002, -1.60000002, 1, 0, 0, 0, 1, 0, 0, 0, 1),
                ["Equip"] = CFrame.new(
                    -0.200000003,
                    -2.5999999,
                    -1,
                    -4.37113883e-08,
                    -0.309017003,
                    0.95105654,
                    0,
                    0.95105654,
                    0.309017003,
                    -1,
                    1.35075622e-08,
                    -4.1572001e-08
                ),
                ["Sprint"] = CFrame.new(0.800000012, -1.20000005, -1.39999998, 1, 0, 0, 0, 1, 0, 0, 0, 1)
            },
            ["Model"] = "Throwing Knife",
            ["Projectile"] = {["Template"] = "InfectedThrowingKnife", ["GravityCorrection"] = 5},
            ["Handling"] = {
                ["IdleTime"] = 0.2,
                ["SprintTime"] = 0.2,
                ["Speed"] = 1,
                ["UnequipTime"] = 0.2,
                ["EquipTime"] = 0.2
            },
            ["Reticle"] = {
                ["AimScale"] = 0,
                ["KeepVisible"] = true,
                ["ProneScale"] = 1,
                ["SlideScale"] = 1.2,
                ["VaultScale"] = 2,
                ["CrouchScale"] = 1,
                ["Size"] = 1
            },
            ["Damage"] = {["Chest"] = 150, ["Base"] = 150, ["Head"] = 150}
        }
    },
    ["Golden Gun"] = {
        ["Config"] = {
            ["Handling"] = {
                ["IdleTime"] = 0.2,
                ["SprintTime"] = 0.2,
                ["Speed"] = 0.9,
                ["UnequipTime"] = 0.2,
                ["EquipTime"] = 0.2
            },
            ["Character"] = {["MoveSpeed"] = 1, ["TorsoTwist"] = 3},
            ["FirstPersonOffset"] = {
                ["Unequip"] = CFrame.new(1, -2, 0, 1, 0, 0, 0, -4.37113883e-08, 1, 0, -1, -4.37113883e-08),
                ["Default"] = CFrame.new(
                    0.800000012,
                    -1.29999995,
                    -1.5,
                    0.987688363,
                    -0.156434476,
                    0,
                    0.156434476,
                    0.987688363,
                    0,
                    0,
                    0,
                    1
                ),
                ["Crouch"] = CFrame.new(
                    0.699999988,
                    -1.39999998,
                    -1.5,
                    0.923879504,
                    -0.382683456,
                    0,
                    0.382683456,
                    0.923879504,
                    0,
                    0,
                    0,
                    1
                ),
                ["Equip"] = CFrame.new(0.800000012, -2, 0, 1, 0, 0, 0, -4.37113883e-08, 1, 0, -1, -4.37113883e-08),
                ["Sprint"] = CFrame.new(0, -1.20000005, -1.39999998, 1, 0, 0, 0, 1, 0, 0, 0, 1)
            },
            ["Category"] = "Pistol",
            ["FireModes"] = {["Semi"] = {["FireRate"] = 270}},
            ["Damage"] = {["Chest"] = 150, ["Base"] = 150, ["Head"] = 150},
            ["Animators"] = {"ImprovedPaintball"},
            ["Slot"] = "Secondary",
            ["Controller"] = "Paintball",
            ["Magazine"] = {["ReloadTime"] = 1.6, ["Mode"] = "Default", ["Size"] = 1},
            ["Aim"] = {["Attachment"] = "AimAttach", ["AimTime"] = 0.1, ["FOV"] = 0.7},
            ["ThirdPersonOffset"] = {
                ["Unequip"] = CFrame.new(
                    -0.5,
                    -2.5,
                    -0.5,
                    -4.37113883e-08,
                    -0.866025448,
                    0.49999997,
                    0,
                    0.49999997,
                    0.866025448,
                    -1,
                    3.78551732e-08,
                    -2.18556924e-08
                ),
                ["Default"] = CFrame.new(0.5, 0.300000012, -1.70000005, 1, 0, 0, 0, 1, 0, 0, 0, 1),
                ["Crouch"] = CFrame.new(0.5, 0.300000012, -1.70000005, 1, 0, 0, 0, 1, 0, 0, 0, 1),
                ["Equip"] = CFrame.new(
                    -0.5,
                    -2.5,
                    -0.5,
                    -4.37113883e-08,
                    -0.866025448,
                    0.49999997,
                    0,
                    0.49999997,
                    0.866025448,
                    -1,
                    3.78551732e-08,
                    -2.18556924e-08
                ),
                ["Sprint"] = CFrame.new(
                    0.699999988,
                    0.5,
                    -0.200000003,
                    1,
                    0,
                    0,
                    0,
                    -4.37113883e-08,
                    -1,
                    0,
                    1,
                    -4.37113883e-08
                ),
                ["Aim"] = CFrame.new(
                    0.300000012,
                    0.5,
                    -1.5,
                    0.994521916,
                    -0.104528464,
                    0,
                    0.104528464,
                    0.994521916,
                    0,
                    0,
                    0,
                    1
                )
            },
            ["Reticle"] = {
                ["AimScale"] = 0,
                ["ProneScale"] = 1,
                ["SlideScale"] = 1.2,
                ["VaultScale"] = 2,
                ["CrouchScale"] = 1,
                ["Size"] = 0
            },
            ["Model"] = "Golden Gun",
            ["Projectile"] = {
                ["GravityCorrection"] = 0.1,
                ["CollatDepth"] = 5,
                ["Template"] = "Paintball",
                ["Amount"] = 1
            },
            ["FireModeList"] = {"Semi"},
            ["Recoil"] = {
                ["Default"] = {
                    ["WeaponSnapback"] = 1,
                    ["WeaponMovementAimScale"] = 1,
                    ["CameraAimScale"] = 1.2,
                    ["CameraScale"] = 0.75,
                    ["RecoilSpeed"] = 1,
                    ["WeaponScale"] = 1.2,
                    ["CameraRotation"] = Vector3.new(0, 0, 30),
                    ["WeaponRotation"] = Vector3.new(-100, 400, -200),
                    ["WeaponRotationVariance"] = Vector3.new(30, 30, 30),
                    ["RecoilScale"] = 1.5,
                    ["WeaponRotationAimScale"] = 1,
                    ["RecoilCrouchScale"] = 1,
                    ["WeaponMovementSpeed"] = 0.4,
                    ["RecoilProneScale"] = 1,
                    ["RecoilRecenter"] = 0.8,
                    ["RecoilAimScale"] = 0.75,
                    ["RecoilMovement"] = "7, 20",
                    ["WeaponAimScale"] = 1,
                    ["RecoilMovementVariance"] = "5, 10",
                    ["WeaponRotationSpeed"] = 0.6,
                    ["CameraSpeed"] = 3,
                    ["RecoilRecenterTime"] = 0.3,
                    ["RecoilMovementTime"] = 0.15,
                    ["WeaponMovement"] = Vector3.new(150, 50, 150),
                    ["CameraRotationVariance"] = Vector3.new(20, 20, 10),
                    ["WeaponMovementVariance"] = Vector3.new(0, 0, 0)
                }
            }
        }
    },
    ["Golden Knife"] = {
        ["Config"] = {
            ["Animators"] = {"Melee"},
            ["Melee"] = {["Time"] = 0.05, ["Speed"] = 4, ["Angle"] = 0, ["Range"] = 6, ["Delay"] = 0},
            ["Slot"] = "Melee",
            ["Controller"] = "Melee",
            ["ThirdPersonOffset"] = {
                ["Unequip"] = CFrame.new(
                    -0.5,
                    -2.5,
                    -0.5,
                    -4.37113883e-08,
                    -0.866025448,
                    0.49999997,
                    0,
                    0.49999997,
                    0.866025448,
                    -1,
                    3.78551732e-08,
                    -2.18556924e-08
                ),
                ["Default"] = CFrame.new(0, -0.200000003, -1.5, 1, 0, 0, 0, 1, 0, 0, 0, 1),
                ["Crouch"] = CFrame.new(0, -0.200000003, -1.5, 1, 0, 0, 0, 1, 0, 0, 0, 1),
                ["Equip"] = CFrame.new(
                    -0.5,
                    -2.5,
                    -0.5,
                    -4.37113883e-08,
                    -0.866025448,
                    0.49999997,
                    0,
                    0.49999997,
                    0.866025448,
                    -1,
                    3.78551732e-08,
                    -2.18556924e-08
                ),
                ["Sprint"] = CFrame.new(0, -0.200000003, -1.5, 1, 0, 0, 0, 1, 0, 0, 0, 1)
            },
            ["Handling"] = {
                ["IdleTime"] = 0.15,
                ["SprintTime"] = 0.15,
                ["Speed"] = 1,
                ["UnequipTime"] = 0.15,
                ["EquipTime"] = 0.15
            },
            ["Character"] = {["MoveSpeed"] = 1, ["TorsoTwist"] = 0},
            ["FirstPersonOffset"] = {
                ["Unequip"] = CFrame.new(
                    0.5,
                    -1.5,
                    0.600000024,
                    0.707106769,
                    -0.707106769,
                    0,
                    0.353553355,
                    0.353553355,
                    0.866025448,
                    -0.612372458,
                    -0.612372458,
                    0.49999997
                ),
                ["Default"] = CFrame.new(0, -1, -1.10000002, 1, 0, 0, 0, 1, 0, 0, 0, 1),
                ["Crouch"] = CFrame.new(0, -1, -1.10000002, 1, 0, 0, 0, 1, 0, 0, 0, 1),
                ["Equip"] = CFrame.new(
                    -0.200000003,
                    -2.5,
                    -1,
                    -4.37113883e-08,
                    -0.866025448,
                    0.49999997,
                    0,
                    0.49999997,
                    0.866025448,
                    -1,
                    3.78551732e-08,
                    -2.18556924e-08
                ),
                ["Sprint"] = CFrame.new(0, -1, -1.10000002, 1, 0, 0, 0, 1, 0, 0, 0, 1)
            },
            ["Model"] = "Golden Knife",
            ["Category"] = "Knife",
            ["Reticle"] = {
                ["AimScale"] = 1,
                ["KeepVisible"] = true,
                ["ProneScale"] = 1,
                ["SlideScale"] = 1,
                ["VaultScale"] = 1,
                ["CrouchScale"] = 1,
                ["Size"] = 0
            },
            ["Damage"] = {["Base"] = 150, ["Backstab"] = 150}
        }
    }
}
