data = {
    ["Plague And Famine"] = {
        ["Config"] = {
            ["Animators"] = {"Melee", "ThirdPersonGrip"},
            ["Melee"] = {
                ["SpeedDebuffLength"] = 0.25,
                ["Time"] = 0.1,
                ["SpeedDebuff"] = 0.15,
                ["Speed"] = 6,
                ["Angle"] = 6,
                ["Range"] = 6,
                ["Delay"] = 0.025
            },
            ["Slot"] = "Melee",
            ["Controller"] = "Melee",
            ["ThirdPersonOffset"] = {
                ["Unequip"] = CFrame.new(
                    -0.5,
                    -2.5,
                    -0.5,
                    -4.37113883e-08,
                    -0.866025448,
                    0.49999997,
                    0,
                    0.49999997,
                    0.866025448,
                    -1,
                    3.78551732e-08,
                    -2.18556924e-08
                ),
                ["Default"] = CFrame.new(0, -0.200000003, -1.5, 1, 0, 0, 0, 1, 0, 0, 0, 1),
                ["Crouch"] = CFrame.new(0, -0.200000003, -1.5, 1, 0, 0, 0, 1, 0, 0, 0, 1),
                ["Equip"] = CFrame.new(
                    -0.5,
                    -2.5,
                    -0.5,
                    -4.37113883e-08,
                    -0.866025448,
                    0.49999997,
                    0,
                    0.49999997,
                    0.866025448,
                    -1,
                    3.78551732e-08,
                    -2.18556924e-08
                ),
                ["Sprint"] = CFrame.new(0, -0.200000003, -1.5, 1, 0, 0, 0, 1, 0, 0, 0, 1)
            },
            ["Handling"] = {
                ["IdleTime"] = 0.175,
                ["SprintTime"] = 0.175,
                ["Speed"] = 1,
                ["UnequipTime"] = 0.175,
                ["EquipTime"] = 0.175
            },
            ["Character"] = {["MoveSpeed"] = 1, ["TorsoTwist"] = 0},
            ["FirstPersonOffset"] = {
                ["Unequip"] = CFrame.new(
                    0.5,
                    -1.5,
                    0.600000024,
                    0.707106769,
                    -0.707106769,
                    0,
                    0.353553355,
                    0.353553355,
                    0.866025448,
                    -0.612372458,
                    -0.612372458,
                    0.49999997
                ),
                ["Default"] = CFrame.new(0, -1, -1.10000002, 1, 0, 0, 0, 1, 0, 0, 0, 1),
                ["Crouch"] = CFrame.new(0, -1, -1.10000002, 1, 0, 0, 0, 1, 0, 0, 0, 1),
                ["Equip"] = CFrame.new(
                    -0.200000003,
                    -2.5,
                    -1,
                    -4.37113883e-08,
                    -0.866025448,
                    0.49999997,
                    0,
                    0.49999997,
                    0.866025448,
                    -1,
                    3.78551732e-08,
                    -2.18556924e-08
                ),
                ["Sprint"] = CFrame.new(0, -1, -1.10000002, 1, 0, 0, 0, 1, 0, 0, 0, 1)
            },
            ["Model"] = "Plague And Famine",
            ["Category"] = "Knife",
            ["Reticle"] = {
                ["AimScale"] = 1,
                ["KeepVisible"] = true,
                ["ProneScale"] = 1,
                ["SlideScale"] = 1,
                ["VaultScale"] = 1,
                ["CrouchScale"] = 1,
                ["Size"] = 0
            },
            ["Damage"] = {["Base"] = 75, ["Backstab"] = 150}
        }
    },
    ["Venomshank"] = {
        ["Config"] = {
            ["Animators"] = {"Melee", "Mythical_Venomshank"},
            ["Melee"] = {
                ["SpeedDebuffLength"] = 0.4,
                ["Time"] = 0.05,
                ["SpeedDebuff"] = 0.4,
                ["Speed"] = 4,
                ["Angle"] = 0,
                ["Range"] = 6,
                ["Delay"] = 0
            },
            ["Slot"] = "Melee",
            ["Controller"] = "Melee",
            ["ThirdPersonOffset"] = {
                ["Unequip"] = CFrame.new(
                    -0.5,
                    -2.5,
                    -0.5,
                    -4.37113883e-08,
                    -0.866025448,
                    0.49999997,
                    0,
                    0.49999997,
                    0.866025448,
                    -1,
                    3.78551732e-08,
                    -2.18556924e-08
                ),
                ["Default"] = CFrame.new(0, 0.200000003, -1.29999995, 1, 0, 0, 0, 1, 0, 0, 0, 1),
                ["Crouch"] = CFrame.new(0, 0.200000003, -1.29999995, 1, 0, 0, 0, 1, 0, 0, 0, 1),
                ["Equip"] = CFrame.new(
                    -0.5,
                    -2.5,
                    -0.5,
                    -4.37113883e-08,
                    -0.866025448,
                    0.49999997,
                    0,
                    0.49999997,
                    0.866025448,
                    -1,
                    3.78551732e-08,
                    -2.18556924e-08
                ),
                ["Sprint"] = CFrame.new(0, 0.200000003, -1.29999995, 1, 0, 0, 0, 1, 0, 0, 0, 1)
            },
            ["Handling"] = {
                ["IdleTime"] = 0.15,
                ["SprintTime"] = 0.15,
                ["Speed"] = 1,
                ["UnequipTime"] = 0.15,
                ["EquipTime"] = 0.15
            },
            ["Character"] = {["MoveSpeed"] = 1.05, ["TorsoTwist"] = 0},
            ["FirstPersonOffset"] = {
                ["Unequip"] = CFrame.new(
                    0.5,
                    -1.5,
                    0.600000024,
                    0.707106769,
                    -0.707106769,
                    0,
                    0.353553355,
                    0.353553355,
                    0.866025448,
                    -0.612372458,
                    -0.612372458,
                    0.49999997
                ),
                ["Default"] = CFrame.new(0, -0.899999976, -1, 1, 0, 0, 0, 1, 0, 0, 0, 1),
                ["Crouch"] = CFrame.new(0, -0.899999976, -1, 1, 0, 0, 0, 1, 0, 0, 0, 1),
                ["Equip"] = CFrame.new(
                    -0.200000003,
                    -2.5,
                    -1,
                    -4.37113883e-08,
                    -0.866025448,
                    0.49999997,
                    0,
                    0.49999997,
                    0.866025448,
                    -1,
                    3.78551732e-08,
                    -2.18556924e-08
                ),
                ["Sprint"] = CFrame.new(0, -0.899999976, -1, 1, 0, 0, 0, 1, 0, 0, 0, 1)
            },
            ["Model"] = "Venomshank",
            ["Category"] = "Knife",
            ["Reticle"] = {
                ["AimScale"] = 1,
                ["KeepVisible"] = true,
                ["ProneScale"] = 1,
                ["SlideScale"] = 1,
                ["VaultScale"] = 1,
                ["CrouchScale"] = 1,
                ["Size"] = 0
            },
            ["Damage"] = {["Base"] = 75, ["Backstab"] = 150}
        }
    },
    ["Butterfly Knife"] = {
        ["Config"] = {
            ["Animators"] = {"Melee"},
            ["Melee"] = {
                ["SpeedDebuffLength"] = 0.4,
                ["Time"] = 0.05,
                ["SpeedDebuff"] = 0.4,
                ["Speed"] = 4,
                ["Angle"] = 0,
                ["Range"] = 6,
                ["Delay"] = 0
            },
            ["Slot"] = "Melee",
            ["Controller"] = "Melee",
            ["ThirdPersonOffset"] = {
                ["Unequip"] = CFrame.new(
                    -0.5,
                    -2.5,
                    -0.5,
                    -4.37113883e-08,
                    -0.866025448,
                    0.49999997,
                    0,
                    0.49999997,
                    0.866025448,
                    -1,
                    3.78551732e-08,
                    -2.18556924e-08
                ),
                ["Default"] = CFrame.new(0, -0.200000003, -1.5, 1, 0, 0, 0, 1, 0, 0, 0, 1),
                ["Crouch"] = CFrame.new(0, -0.200000003, -1.5, 1, 0, 0, 0, 1, 0, 0, 0, 1),
                ["Equip"] = CFrame.new(
                    -0.5,
                    -2.5,
                    -0.5,
                    -4.37113883e-08,
                    -0.866025448,
                    0.49999997,
                    0,
                    0.49999997,
                    0.866025448,
                    -1,
                    3.78551732e-08,
                    -2.18556924e-08
                ),
                ["Sprint"] = CFrame.new(0, -0.200000003, -1.5, 1, 0, 0, 0, 1, 0, 0, 0, 1)
            },
            ["Handling"] = {
                ["IdleTime"] = 0.15,
                ["SprintTime"] = 0.15,
                ["Speed"] = 1,
                ["UnequipTime"] = 0.15,
                ["EquipTime"] = 0.15
            },
            ["Character"] = {["MoveSpeed"] = 1.05, ["TorsoTwist"] = 0},
            ["FirstPersonOffset"] = {
                ["Unequip"] = CFrame.new(
                    0.5,
                    -1.5,
                    0.600000024,
                    0.707106769,
                    -0.707106769,
                    0,
                    0.353553355,
                    0.353553355,
                    0.866025448,
                    -0.612372458,
                    -0.612372458,
                    0.49999997
                ),
                ["Default"] = CFrame.new(0, -1, -1.10000002, 1, 0, 0, 0, 1, 0, 0, 0, 1),
                ["Crouch"] = CFrame.new(0, -1, -1.10000002, 1, 0, 0, 0, 1, 0, 0, 0, 1),
                ["Equip"] = CFrame.new(
                    -0.200000003,
                    -2.5,
                    -1,
                    -4.37113883e-08,
                    -0.866025448,
                    0.49999997,
                    0,
                    0.49999997,
                    0.866025448,
                    -1,
                    3.78551732e-08,
                    -2.18556924e-08
                ),
                ["Sprint"] = CFrame.new(0, -1, -1.10000002, 1, 0, 0, 0, 1, 0, 0, 0, 1)
            },
            ["Model"] = "Butterfly Knife",
            ["Category"] = "Knife",
            ["Reticle"] = {
                ["AimScale"] = 1,
                ["KeepVisible"] = true,
                ["ProneScale"] = 1,
                ["SlideScale"] = 1,
                ["VaultScale"] = 1,
                ["CrouchScale"] = 1,
                ["Size"] = 0
            },
            ["Damage"] = {["Base"] = 75, ["Backstab"] = 150}
        }
    },
    ["Stick"] = {
        ["Config"] = {
            ["Animators"] = {"Melee"},
            ["Melee"] = {
                ["SpeedDebuffLength"] = 0.4,
                ["Time"] = 0.05,
                ["SpeedDebuff"] = 0.4,
                ["Speed"] = 4,
                ["Angle"] = 0,
                ["Range"] = 6,
                ["Delay"] = 0
            },
            ["Slot"] = "Melee",
            ["Controller"] = "Melee",
            ["ThirdPersonOffset"] = {
                ["Unequip"] = CFrame.new(
                    -0.5,
                    -2.5,
                    -0.5,
                    -4.37113883e-08,
                    -0.866025448,
                    0.49999997,
                    0,
                    0.49999997,
                    0.866025448,
                    -1,
                    3.78551732e-08,
                    -2.18556924e-08
                ),
                ["Default"] = CFrame.new(1, -0.200000003, -1.5, 1, 0, 0, 0, 1, 0, 0, 0, 1),
                ["Crouch"] = CFrame.new(1, -0.200000003, -1.5, 1, 0, 0, 0, 1, 0, 0, 0, 1),
                ["Equip"] = CFrame.new(
                    -0.5,
                    -2.5,
                    -0.5,
                    -4.37113883e-08,
                    -0.866025448,
                    0.49999997,
                    0,
                    0.49999997,
                    0.866025448,
                    -1,
                    3.78551732e-08,
                    -2.18556924e-08
                ),
                ["Sprint"] = CFrame.new(1, -0.200000003, -1.5, 1, 0, 0, 0, 1, 0, 0, 0, 1)
            },
            ["Handling"] = {
                ["IdleTime"] = 0.15,
                ["SprintTime"] = 0.15,
                ["Speed"] = 1,
                ["UnequipTime"] = 0.15,
                ["EquipTime"] = 0.15
            },
            ["Character"] = {["MoveSpeed"] = 1.05, ["TorsoTwist"] = 0},
            ["FirstPersonOffset"] = {
                ["Unequip"] = CFrame.new(
                    0.5,
                    -1.5,
                    0.600000024,
                    0.707106769,
                    -0.707106769,
                    0,
                    0.353553355,
                    0.353553355,
                    0.866025448,
                    -0.612372458,
                    -0.612372458,
                    0.49999997
                ),
                ["Default"] = CFrame.new(1, -1, -1.60000002, 1, 0, 0, 0, 1, 0, 0, 0, 1),
                ["Crouch"] = CFrame.new(1, -1, -1.60000002, 1, 0, 0, 0, 1, 0, 0, 0, 1),
                ["Equip"] = CFrame.new(
                    -0.200000003,
                    -2.5,
                    -1,
                    -4.37113883e-08,
                    -0.866025448,
                    0.49999997,
                    0,
                    0.49999997,
                    0.866025448,
                    -1,
                    3.78551732e-08,
                    -2.18556924e-08
                ),
                ["Sprint"] = CFrame.new(1.10000002, -1.10000002, -1.39999998, 1, 0, 0, 0, 1, 0, 0, 0, 1)
            },
            ["Model"] = "Stick",
            ["Category"] = "Knife",
            ["Reticle"] = {
                ["AimScale"] = 1,
                ["KeepVisible"] = true,
                ["ProneScale"] = 1,
                ["SlideScale"] = 1,
                ["VaultScale"] = 1,
                ["CrouchScale"] = 1,
                ["Size"] = 0
            },
            ["Damage"] = {["Base"] = 75, ["Backstab"] = 150}
        }
    },
    ["Claws"] = {
        ["Config"] = {
            ["Animators"] = {"Melee", "ThirdPersonGrip"},
            ["Melee"] = {
                ["SpeedDebuffLength"] = 0.4,
                ["Time"] = 0.05,
                ["SpeedDebuff"] = 0.2,
                ["Speed"] = 4,
                ["Angle"] = 0,
                ["Range"] = 6,
                ["Delay"] = 0
            },
            ["Slot"] = "Melee",
            ["Controller"] = "Melee",
            ["ThirdPersonOffset"] = {
                ["Unequip"] = CFrame.new(
                    -0.5,
                    -2.5,
                    -0.5,
                    -4.37113883e-08,
                    -0.866025448,
                    0.49999997,
                    0,
                    0.49999997,
                    0.866025448,
                    -1,
                    3.78551732e-08,
                    -2.18556924e-08
                ),
                ["Default"] = CFrame.new(0, 0.200000003, -1.29999995, 1, 0, 0, 0, 1, 0, 0, 0, 1),
                ["Crouch"] = CFrame.new(0, 0.200000003, -1.29999995, 1, 0, 0, 0, 1, 0, 0, 0, 1),
                ["Equip"] = CFrame.new(
                    -0.5,
                    -2.5,
                    -0.5,
                    -4.37113883e-08,
                    -0.866025448,
                    0.49999997,
                    0,
                    0.49999997,
                    0.866025448,
                    -1,
                    3.78551732e-08,
                    -2.18556924e-08
                ),
                ["Sprint"] = CFrame.new(0, 0.200000003, -1.29999995, 1, 0, 0, 0, 1, 0, 0, 0, 1)
            },
            ["Handling"] = {
                ["IdleTime"] = 0.15,
                ["SprintTime"] = 0.15,
                ["Speed"] = 1,
                ["UnequipTime"] = 0.15,
                ["EquipTime"] = 0.15
            },
            ["Character"] = {["MoveSpeed"] = 1.05, ["TorsoTwist"] = 0},
            ["Name"] = "Maulers",
            ["Model"] = "Claws",
            ["FirstPersonOffset"] = {
                ["Unequip"] = CFrame.new(
                    0.5,
                    -1.5,
                    0.600000024,
                    0.707106769,
                    -0.707106769,
                    0,
                    0.353553355,
                    0.353553355,
                    0.866025448,
                    -0.612372458,
                    -0.612372458,
                    0.49999997
                ),
                ["Default"] = CFrame.new(0, -0.699999988, -1.10000002, 1, 0, 0, 0, 1, 0, 0, 0, 1),
                ["Crouch"] = CFrame.new(0, -0.699999988, -1.10000002, 1, 0, 0, 0, 1, 0, 0, 0, 1),
                ["Equip"] = CFrame.new(
                    -0.200000003,
                    -2.5,
                    -1,
                    -4.37113883e-08,
                    -0.866025448,
                    0.49999997,
                    0,
                    0.49999997,
                    0.866025448,
                    -1,
                    3.78551732e-08,
                    -2.18556924e-08
                ),
                ["Sprint"] = CFrame.new(0, -0.699999988, -1.10000002, 1, 0, 0, 0, 1, 0, 0, 0, 1)
            },
            ["Category"] = "Knife",
            ["Reticle"] = {
                ["AimScale"] = 1,
                ["KeepVisible"] = true,
                ["ProneScale"] = 1,
                ["SlideScale"] = 1,
                ["VaultScale"] = 1,
                ["CrouchScale"] = 1,
                ["Size"] = 0
            },
            ["Damage"] = {["Base"] = 75, ["Backstab"] = 150}
        }
    },
    ["Brass Knuckles"] = {
        ["Config"] = {
            ["Animators"] = {"Melee", "ThirdPersonGrip"},
            ["Melee"] = {
                ["SpeedDebuffLength"] = 0.4,
                ["Time"] = 0.05,
                ["SpeedDebuff"] = 0.2,
                ["Speed"] = 12,
                ["Angle"] = 9,
                ["Range"] = 6,
                ["Delay"] = 0
            },
            ["Slot"] = "Melee",
            ["Controller"] = "Melee",
            ["ThirdPersonOffset"] = {
                ["Unequip"] = CFrame.new(
                    -0.5,
                    -2.5,
                    -0.5,
                    -4.37113883e-08,
                    -0.866025448,
                    0.49999997,
                    0,
                    0.49999997,
                    0.866025448,
                    -1,
                    3.78551732e-08,
                    -2.18556924e-08
                ),
                ["Default"] = CFrame.new(0, 0.200000003, -1.29999995, 1, 0, 0, 0, 1, 0, 0, 0, 1),
                ["Crouch"] = CFrame.new(0, 0.200000003, -1.29999995, 1, 0, 0, 0, 1, 0, 0, 0, 1),
                ["Equip"] = CFrame.new(
                    -0.5,
                    -2.5,
                    -0.5,
                    -4.37113883e-08,
                    -0.866025448,
                    0.49999997,
                    0,
                    0.49999997,
                    0.866025448,
                    -1,
                    3.78551732e-08,
                    -2.18556924e-08
                ),
                ["Sprint"] = CFrame.new(0, 0.200000003, -1.29999995, 1, 0, 0, 0, 1, 0, 0, 0, 1)
            },
            ["Handling"] = {
                ["IdleTime"] = 0.15,
                ["SprintTime"] = 0.15,
                ["Speed"] = 1,
                ["UnequipTime"] = 0.15,
                ["EquipTime"] = 0.15
            },
            ["Character"] = {["MoveSpeed"] = 1.05, ["TorsoTwist"] = 0},
            ["FirstPersonOffset"] = {
                ["Unequip"] = CFrame.new(
                    0.5,
                    -1.5,
                    0.600000024,
                    0.707106769,
                    -0.707106769,
                    0,
                    0.353553355,
                    0.353553355,
                    0.866025448,
                    -0.612372458,
                    -0.612372458,
                    0.49999997
                ),
                ["Default"] = CFrame.new(0, -0.699999988, -1.10000002, 1, 0, 0, 0, 1, 0, 0, 0, 1),
                ["Crouch"] = CFrame.new(0, -0.699999988, -1.10000002, 1, 0, 0, 0, 1, 0, 0, 0, 1),
                ["Equip"] = CFrame.new(
                    -0.200000003,
                    -2.5,
                    -1,
                    -4.37113883e-08,
                    -0.866025448,
                    0.49999997,
                    0,
                    0.49999997,
                    0.866025448,
                    -1,
                    3.78551732e-08,
                    -2.18556924e-08
                ),
                ["Sprint"] = CFrame.new(0, -0.699999988, -1.10000002, 1, 0, 0, 0, 1, 0, 0, 0, 1)
            },
            ["Model"] = "Brass Knuckles",
            ["Category"] = "Knife",
            ["Reticle"] = {
                ["AimScale"] = 1,
                ["KeepVisible"] = true,
                ["ProneScale"] = 1,
                ["SlideScale"] = 1,
                ["VaultScale"] = 1,
                ["CrouchScale"] = 1,
                ["Size"] = 0
            },
            ["Damage"] = {["Base"] = 50, ["Backstab"] = 75}
        }
    },
    ["1900 Bayonet"] = {
        ["Config"] = {
            ["Animators"] = {"Melee"},
            ["Melee"] = {
                ["SpeedDebuffLength"] = 0.4,
                ["Time"] = 0.05,
                ["SpeedDebuff"] = 0.4,
                ["Speed"] = 4,
                ["Angle"] = 0,
                ["Range"] = 6,
                ["Delay"] = 0
            },
            ["Slot"] = "Melee",
            ["Controller"] = "Melee",
            ["ThirdPersonOffset"] = {
                ["Unequip"] = CFrame.new(
                    -0.5,
                    -2.5,
                    -0.5,
                    -4.37113883e-08,
                    -0.866025448,
                    0.49999997,
                    0,
                    0.49999997,
                    0.866025448,
                    -1,
                    3.78551732e-08,
                    -2.18556924e-08
                ),
                ["Default"] = CFrame.new(1, -0.200000003, -1.5, 1, 0, 0, 0, 1, 0, 0, 0, 1),
                ["Crouch"] = CFrame.new(1, -0.200000003, -1.5, 1, 0, 0, 0, 1, 0, 0, 0, 1),
                ["Equip"] = CFrame.new(
                    -0.5,
                    -2.5,
                    -0.5,
                    -4.37113883e-08,
                    -0.866025448,
                    0.49999997,
                    0,
                    0.49999997,
                    0.866025448,
                    -1,
                    3.78551732e-08,
                    -2.18556924e-08
                ),
                ["Sprint"] = CFrame.new(1, -0.200000003, -1.5, 1, 0, 0, 0, 1, 0, 0, 0, 1)
            },
            ["Handling"] = {
                ["IdleTime"] = 0.15,
                ["SprintTime"] = 0.15,
                ["Speed"] = 1,
                ["UnequipTime"] = 0.15,
                ["EquipTime"] = 0.15
            },
            ["Character"] = {["MoveSpeed"] = 1.05, ["TorsoTwist"] = 0},
            ["FirstPersonOffset"] = {
                ["Unequip"] = CFrame.new(
                    0.5,
                    -1.5,
                    0.600000024,
                    0.707106769,
                    -0.707106769,
                    0,
                    0.353553355,
                    0.353553355,
                    0.866025448,
                    -0.612372458,
                    -0.612372458,
                    0.49999997
                ),
                ["Default"] = CFrame.new(1, -1, -1.60000002, 1, 0, 0, 0, 1, 0, 0, 0, 1),
                ["Crouch"] = CFrame.new(1, -1, -1.60000002, 1, 0, 0, 0, 1, 0, 0, 0, 1),
                ["Equip"] = CFrame.new(
                    -0.200000003,
                    -2.5,
                    -1,
                    -4.37113883e-08,
                    -0.866025448,
                    0.49999997,
                    0,
                    0.49999997,
                    0.866025448,
                    -1,
                    3.78551732e-08,
                    -2.18556924e-08
                ),
                ["Sprint"] = CFrame.new(1.10000002, -1.10000002, -1.39999998, 1, 0, 0, 0, 1, 0, 0, 0, 1)
            },
            ["Model"] = "1900 Bayonet",
            ["Category"] = "Knife",
            ["Reticle"] = {
                ["AimScale"] = 1,
                ["KeepVisible"] = true,
                ["ProneScale"] = 1,
                ["SlideScale"] = 1,
                ["VaultScale"] = 1,
                ["CrouchScale"] = 1,
                ["Size"] = 0
            },
            ["Damage"] = {["Base"] = 75, ["Backstab"] = 150}
        }
    },
    ["Tac Shovel"] = {
        ["Config"] = {
            ["Animators"] = {"Melee"},
            ["Melee"] = {
                ["SpeedDebuffLength"] = 0.4,
                ["Time"] = 0.05,
                ["SpeedDebuff"] = 0.4,
                ["Speed"] = 4,
                ["Angle"] = 0,
                ["Range"] = 6,
                ["Delay"] = 0
            },
            ["Slot"] = "Melee",
            ["Controller"] = "Melee",
            ["ThirdPersonOffset"] = {
                ["Unequip"] = CFrame.new(
                    -0.5,
                    -2.5,
                    -0.5,
                    -4.37113883e-08,
                    -0.866025448,
                    0.49999997,
                    0,
                    0.49999997,
                    0.866025448,
                    -1,
                    3.78551732e-08,
                    -2.18556924e-08
                ),
                ["Default"] = CFrame.new(1, -0.200000003, -1.5, 1, 0, 0, 0, 1, 0, 0, 0, 1),
                ["Crouch"] = CFrame.new(1, -0.200000003, -1.5, 1, 0, 0, 0, 1, 0, 0, 0, 1),
                ["Equip"] = CFrame.new(
                    -0.5,
                    -2.5,
                    -0.5,
                    -4.37113883e-08,
                    -0.866025448,
                    0.49999997,
                    0,
                    0.49999997,
                    0.866025448,
                    -1,
                    3.78551732e-08,
                    -2.18556924e-08
                ),
                ["Sprint"] = CFrame.new(1, -0.200000003, -1.5, 1, 0, 0, 0, 1, 0, 0, 0, 1)
            },
            ["Handling"] = {
                ["IdleTime"] = 0.15,
                ["SprintTime"] = 0.15,
                ["Speed"] = 1,
                ["UnequipTime"] = 0.15,
                ["EquipTime"] = 0.15
            },
            ["Character"] = {["MoveSpeed"] = 1.05, ["TorsoTwist"] = 0},
            ["FirstPersonOffset"] = {
                ["Unequip"] = CFrame.new(
                    0.5,
                    -1.5,
                    0.600000024,
                    0.707106769,
                    -0.707106769,
                    0,
                    0.353553355,
                    0.353553355,
                    0.866025448,
                    -0.612372458,
                    -0.612372458,
                    0.49999997
                ),
                ["Default"] = CFrame.new(1, -1, -1.60000002, 1, 0, 0, 0, 1, 0, 0, 0, 1),
                ["Crouch"] = CFrame.new(1, -1, -1.60000002, 1, 0, 0, 0, 1, 0, 0, 0, 1),
                ["Equip"] = CFrame.new(
                    -0.200000003,
                    -2.5,
                    -1,
                    -4.37113883e-08,
                    -0.866025448,
                    0.49999997,
                    0,
                    0.49999997,
                    0.866025448,
                    -1,
                    3.78551732e-08,
                    -2.18556924e-08
                ),
                ["Sprint"] = CFrame.new(1.10000002, -1.10000002, -1.39999998, 1, 0, 0, 0, 1, 0, 0, 0, 1)
            },
            ["Model"] = "Tac Shovel",
            ["Category"] = "Knife",
            ["Reticle"] = {
                ["AimScale"] = 1,
                ["KeepVisible"] = true,
                ["ProneScale"] = 1,
                ["SlideScale"] = 1,
                ["VaultScale"] = 1,
                ["CrouchScale"] = 1,
                ["Size"] = 0
            },
            ["Damage"] = {["Base"] = 75, ["Backstab"] = 150}
        }
    },
    ["KA-BAR"] = {
        ["Config"] = {
            ["Animators"] = {"Melee"},
            ["Melee"] = {
                ["SpeedDebuffLength"] = 0.4,
                ["Time"] = 0.05,
                ["SpeedDebuff"] = 0.4,
                ["Speed"] = 4,
                ["Angle"] = 0,
                ["Range"] = 6,
                ["Delay"] = 0
            },
            ["Slot"] = "Melee",
            ["Controller"] = "Melee",
            ["ThirdPersonOffset"] = {
                ["Unequip"] = CFrame.new(
                    -0.5,
                    -2.5,
                    -0.5,
                    -4.37113883e-08,
                    -0.866025448,
                    0.49999997,
                    0,
                    0.49999997,
                    0.866025448,
                    -1,
                    3.78551732e-08,
                    -2.18556924e-08
                ),
                ["Default"] = CFrame.new(1, -0.200000003, -1.5, 1, 0, 0, 0, 1, 0, 0, 0, 1),
                ["Crouch"] = CFrame.new(1, -0.200000003, -1.5, 1, 0, 0, 0, 1, 0, 0, 0, 1),
                ["Equip"] = CFrame.new(
                    -0.5,
                    -2.5,
                    -0.5,
                    -4.37113883e-08,
                    -0.866025448,
                    0.49999997,
                    0,
                    0.49999997,
                    0.866025448,
                    -1,
                    3.78551732e-08,
                    -2.18556924e-08
                ),
                ["Sprint"] = CFrame.new(1, -0.200000003, -1.5, 1, 0, 0, 0, 1, 0, 0, 0, 1)
            },
            ["Handling"] = {
                ["IdleTime"] = 0.15,
                ["SprintTime"] = 0.15,
                ["Speed"] = 1,
                ["UnequipTime"] = 0.15,
                ["EquipTime"] = 0.15
            },
            ["Character"] = {["MoveSpeed"] = 1.05, ["TorsoTwist"] = 0},
            ["FirstPersonOffset"] = {
                ["Unequip"] = CFrame.new(
                    0.5,
                    -1.5,
                    0.600000024,
                    0.707106769,
                    -0.707106769,
                    0,
                    0.353553355,
                    0.353553355,
                    0.866025448,
                    -0.612372458,
                    -0.612372458,
                    0.49999997
                ),
                ["Default"] = CFrame.new(1, -1, -1.60000002, 1, 0, 0, 0, 1, 0, 0, 0, 1),
                ["Crouch"] = CFrame.new(1, -1, -1.60000002, 1, 0, 0, 0, 1, 0, 0, 0, 1),
                ["Equip"] = CFrame.new(
                    -0.200000003,
                    -2.5,
                    -1,
                    -4.37113883e-08,
                    -0.866025448,
                    0.49999997,
                    0,
                    0.49999997,
                    0.866025448,
                    -1,
                    3.78551732e-08,
                    -2.18556924e-08
                ),
                ["Sprint"] = CFrame.new(1.10000002, -1.10000002, -1.39999998, 1, 0, 0, 0, 1, 0, 0, 0, 1)
            },
            ["Model"] = "KA-BAR",
            ["Category"] = "Knife",
            ["Reticle"] = {
                ["AimScale"] = 1,
                ["KeepVisible"] = true,
                ["ProneScale"] = 1,
                ["SlideScale"] = 1,
                ["VaultScale"] = 1,
                ["CrouchScale"] = 1,
                ["Size"] = 0
            },
            ["Damage"] = {["Base"] = 75, ["Backstab"] = 150}
        }
    },
    ["Machete"] = {
        ["Config"] = {
            ["Animators"] = {"Melee"},
            ["Melee"] = {
                ["SpeedDebuffLength"] = 0.4,
                ["Time"] = 0.05,
                ["SpeedDebuff"] = 0.4,
                ["Speed"] = 4,
                ["Angle"] = 0,
                ["Range"] = 6,
                ["Delay"] = 0
            },
            ["Slot"] = "Melee",
            ["Controller"] = "Melee",
            ["ThirdPersonOffset"] = {
                ["Unequip"] = CFrame.new(
                    -0.5,
                    -2.5,
                    -0.5,
                    -4.37113883e-08,
                    -0.866025448,
                    0.49999997,
                    0,
                    0.49999997,
                    0.866025448,
                    -1,
                    3.78551732e-08,
                    -2.18556924e-08
                ),
                ["Default"] = CFrame.new(1, -0.200000003, -1.5, 1, 0, 0, 0, 1, 0, 0, 0, 1),
                ["Crouch"] = CFrame.new(1, -0.200000003, -1.5, 1, 0, 0, 0, 1, 0, 0, 0, 1),
                ["Equip"] = CFrame.new(
                    -0.5,
                    -2.5,
                    -0.5,
                    -4.37113883e-08,
                    -0.866025448,
                    0.49999997,
                    0,
                    0.49999997,
                    0.866025448,
                    -1,
                    3.78551732e-08,
                    -2.18556924e-08
                ),
                ["Sprint"] = CFrame.new(1, -0.200000003, -1.5, 1, 0, 0, 0, 1, 0, 0, 0, 1)
            },
            ["Handling"] = {
                ["IdleTime"] = 0.15,
                ["SprintTime"] = 0.15,
                ["Speed"] = 1,
                ["UnequipTime"] = 0.15,
                ["EquipTime"] = 0.15
            },
            ["Character"] = {["MoveSpeed"] = 1.05, ["TorsoTwist"] = 0},
            ["Name"] = "Kukri",
            ["Model"] = "Machete",
            ["FirstPersonOffset"] = {
                ["Unequip"] = CFrame.new(
                    0.5,
                    -1.5,
                    0.600000024,
                    0.707106769,
                    -0.707106769,
                    0,
                    0.353553355,
                    0.353553355,
                    0.866025448,
                    -0.612372458,
                    -0.612372458,
                    0.49999997
                ),
                ["Default"] = CFrame.new(1, -1, -1.60000002, 1, 0, 0, 0, 1, 0, 0, 0, 1),
                ["Crouch"] = CFrame.new(1, -1, -1.60000002, 1, 0, 0, 0, 1, 0, 0, 0, 1),
                ["Equip"] = CFrame.new(
                    -0.200000003,
                    -2.5,
                    -1,
                    -4.37113883e-08,
                    -0.866025448,
                    0.49999997,
                    0,
                    0.49999997,
                    0.866025448,
                    -1,
                    3.78551732e-08,
                    -2.18556924e-08
                ),
                ["Sprint"] = CFrame.new(1.10000002, -1.10000002, -1.39999998, 1, 0, 0, 0, 1, 0, 0, 0, 1)
            },
            ["Category"] = "Knife",
            ["Reticle"] = {
                ["AimScale"] = 1,
                ["KeepVisible"] = true,
                ["ProneScale"] = 1,
                ["SlideScale"] = 1,
                ["VaultScale"] = 1,
                ["CrouchScale"] = 1,
                ["Size"] = 0
            },
            ["Damage"] = {["Base"] = 75, ["Backstab"] = 150}
        }
    },
    ["Militia Bayonet"] = {
        ["Config"] = {
            ["Animators"] = {"Melee"},
            ["Melee"] = {
                ["SpeedDebuffLength"] = 0.4,
                ["Time"] = 0.05,
                ["SpeedDebuff"] = 0.4,
                ["Speed"] = 4,
                ["Angle"] = 0,
                ["Range"] = 6,
                ["Delay"] = 0
            },
            ["Slot"] = "Melee",
            ["Controller"] = "Melee",
            ["ThirdPersonOffset"] = {
                ["Unequip"] = CFrame.new(
                    -0.5,
                    -2.5,
                    -0.5,
                    -4.37113883e-08,
                    -0.866025448,
                    0.49999997,
                    0,
                    0.49999997,
                    0.866025448,
                    -1,
                    3.78551732e-08,
                    -2.18556924e-08
                ),
                ["Default"] = CFrame.new(1, -0.200000003, -1.5, 1, 0, 0, 0, 1, 0, 0, 0, 1),
                ["Crouch"] = CFrame.new(1, -0.200000003, -1.5, 1, 0, 0, 0, 1, 0, 0, 0, 1),
                ["Equip"] = CFrame.new(
                    -0.5,
                    -2.5,
                    -0.5,
                    -4.37113883e-08,
                    -0.866025448,
                    0.49999997,
                    0,
                    0.49999997,
                    0.866025448,
                    -1,
                    3.78551732e-08,
                    -2.18556924e-08
                ),
                ["Sprint"] = CFrame.new(1, -0.200000003, -1.5, 1, 0, 0, 0, 1, 0, 0, 0, 1)
            },
            ["Handling"] = {
                ["IdleTime"] = 0.15,
                ["SprintTime"] = 0.15,
                ["Speed"] = 1,
                ["UnequipTime"] = 0.15,
                ["EquipTime"] = 0.15
            },
            ["Character"] = {["MoveSpeed"] = 1.05, ["TorsoTwist"] = 0},
            ["FirstPersonOffset"] = {
                ["Unequip"] = CFrame.new(
                    0.5,
                    -1.5,
                    0.600000024,
                    0.707106769,
                    -0.707106769,
                    0,
                    0.353553355,
                    0.353553355,
                    0.866025448,
                    -0.612372458,
                    -0.612372458,
                    0.49999997
                ),
                ["Default"] = CFrame.new(1, -1, -1.60000002, 1, 0, 0, 0, 1, 0, 0, 0, 1),
                ["Crouch"] = CFrame.new(1, -1, -1.60000002, 1, 0, 0, 0, 1, 0, 0, 0, 1),
                ["Equip"] = CFrame.new(
                    -0.200000003,
                    -2.5,
                    -1,
                    -4.37113883e-08,
                    -0.866025448,
                    0.49999997,
                    0,
                    0.49999997,
                    0.866025448,
                    -1,
                    3.78551732e-08,
                    -2.18556924e-08
                ),
                ["Sprint"] = CFrame.new(1.10000002, -1.10000002, -1.39999998, 1, 0, 0, 0, 1, 0, 0, 0, 1)
            },
            ["Model"] = "Militia Bayonet",
            ["Category"] = "Knife",
            ["Reticle"] = {
                ["AimScale"] = 1,
                ["KeepVisible"] = true,
                ["ProneScale"] = 1,
                ["SlideScale"] = 1,
                ["VaultScale"] = 1,
                ["CrouchScale"] = 1,
                ["Size"] = 0
            },
            ["Damage"] = {["Base"] = 75, ["Backstab"] = 150}
        }
    },
    ["Illumina"] = {
        ["Config"] = {
            ["Animators"] = {"Melee"},
            ["Melee"] = {
                ["SpeedDebuffLength"] = 0.4,
                ["Time"] = 0.05,
                ["SpeedDebuff"] = 0.4,
                ["Speed"] = 4,
                ["Angle"] = 0,
                ["Range"] = 6,
                ["Delay"] = 0
            },
            ["Slot"] = "Melee",
            ["Controller"] = "Melee",
            ["ThirdPersonOffset"] = {
                ["Unequip"] = CFrame.new(
                    -0.5,
                    -2.5,
                    -0.5,
                    -4.37113883e-08,
                    -0.866025448,
                    0.49999997,
