data = {
    ["Katana"] = {
        ["Config"] = {
            ["Animators"] = {"Melee", "ThirdPersonGrip", "MeleeShield"},
            ["Melee"] = {
                ["Range"] = 8,
                ["SpeedDebuffLength"] = 0.4,
                ["SpeedDebuff"] = 0.3,
                ["Time"] = 0.1,
                ["Blocking"] = true,
                ["Speed"] = 12,
                ["Angle"] = 10,
                ["Delay"] = 0,
                ["Cooldown"] = 0.1
            },
            ["Slot"] = "Secondary",
            ["Controller"] = "Melee",
            ["ThirdPersonOffset"] = {
                ["Unequip"] = CFrame.new(
                    -0.5,
                    -2.5,
                    -0.5,
                    -4.37113883e-08,
                    -0.866025448,
                    0.49999997,
                    0,
                    0.49999997,
                    0.866025448,
                    -1,
                    3.78551732e-08,
                    -2.18556924e-08
                ),
                ["Default"] = CFrame.new(0, 0.300000012, -1.20000005, 1, 0, 0, 0, 1, 0, 0, 0, 1),
                ["Crouch"] = CFrame.new(0, 0.300000012, -1.20000005, 1, 0, 0, 0, 1, 0, 0, 0, 1),
                ["Equip"] = CFrame.new(
                    -0.5,
                    -2.5,
                    -0.5,
                    -4.37113883e-08,
                    -0.866025448,
                    0.49999997,
                    0,
                    0.49999997,
                    0.866025448,
                    -1,
                    3.78551732e-08,
                    -2.18556924e-08
                ),
                ["Sprint"] = CFrame.new(0, 0.300000012, -1.20000005, 1, 0, 0, 0, 1, 0, 0, 0, 1),
                ["Aim"] = CFrame.new(0, 0.300000012, -1.20000005, 1, 0, 0, 0, 1, 0, 0, 0, 1)
            },
            ["Handling"] = {
                ["IdleTime"] = 0.2,
                ["SprintTime"] = 0.2,
                ["Speed"] = 1,
                ["UnequipTime"] = 0.15,
                ["EquipTime"] = 0.15
            },
            ["Character"] = {["MoveSpeed"] = 1.05, ["TorsoTwist"] = 0},
            ["FirstPersonOffset"] = {
                ["Unequip"] = CFrame.new(0, -3, 0, 1, 0, 0, 0, 0.707106769, -0.707106769, 0, 0.707106769, 0.707106769),
                ["Default"] = CFrame.new(0, -0.699999988, 0, 1, 0, 0, 0, 1, 0, 0, 0, 1),
                ["Crouch"] = CFrame.new(0, -0.699999988, 0, 1, 0, 0, 0, 1, 0, 0, 0, 1),
                ["Equip"] = CFrame.new(0, -3, 0, 1, 0, 0, 0, 0.707106769, -0.707106769, 0, 0.707106769, 0.707106769),
                ["Sprint"] = CFrame.new(0, -0.699999988, 0, 1, 0, 0, 0, 1, 0, 0, 0, 1)
            },
            ["Model"] = "Katana",
            ["Category"] = "Melee",
            ["Reticle"] = {
                ["AimScale"] = 1,
                ["KeepVisible"] = true,
                ["ProneScale"] = 1,
                ["SlideScale"] = 1,
                ["VaultScale"] = 1,
                ["CrouchScale"] = 1,
                ["Size"] = 0
            },
            ["Damage"] = {["Base"] = 60, ["Backstab"] = 60}
        }
    },
    ["Poleaxe"] = {
        ["Config"] = {
            ["Animators"] = {"MedievalMelee"},
            ["Melee"] = {["Time"] = 0.1, ["Speed"] = 3, ["Angle"] = -3, ["Range"] = 12, ["Delay"] = 0.56},
            ["Slot"] = "Secondary",
            ["Controller"] = "Melee",
            ["ThirdPersonOffset"] = {
                ["Unequip"] = CFrame.new(
                    -0.5,
                    -2.5,
                    -0.5,
                    -4.37113883e-08,
                    -0.866025448,
                    0.49999997,
                    0,
                    0.49999997,
                    0.866025448,
                    -1,
                    3.78551732e-08,
                    -2.18556924e-08
                ),
                ["Default"] = CFrame.new(0, 0, -1, 1, 0, 0, 0, 1, 0, 0, 0, 1),
                ["Crouch"] = CFrame.new(0, 0, -1, 1, 0, 0, 0, 1, 0, 0, 0, 1),
                ["Equip"] = CFrame.new(
                    -0.5,
                    -2.5,
                    -0.5,
                    -4.37113883e-08,
                    -0.866025448,
                    0.49999997,
                    0,
                    0.49999997,
                    0.866025448,
                    -1,
                    3.78551732e-08,
                    -2.18556924e-08
                ),
                ["Sprint"] = CFrame.new(0, 0, -1, 1, 0, 0, 0, 1, 0, 0, 0, 1)
            },
            ["Handling"] = {
                ["IdleTime"] = 0.2,
                ["SprintTime"] = 0.2,
                ["Speed"] = 0.7,
                ["UnequipTime"] = 0.2,
                ["EquipTime"] = 0.2
            },
            ["Character"] = {["MoveSpeed"] = 1, ["TorsoTwist"] = 0},
            ["FirstPersonOffset"] = {
                ["Unequip"] = CFrame.new(
                    0.5,
                    -1.5,
                    0.600000024,
                    0.707106769,
                    -0.707106769,
                    0,
                    0.353553355,
                    0.353553355,
                    0.866025448,
                    -0.612372458,
                    -0.612372458,
                    0.49999997
                ),
                ["Default"] = CFrame.new(0, -0.699999988, -1, 1, 0, 0, 0, 1, 0, 0, 0, 1),
                ["Crouch"] = CFrame.new(0, -0.699999988, -1, 1, 0, 0, 0, 1, 0, 0, 0, 1),
                ["Equip"] = CFrame.new(
                    0.5,
                    -1.5,
                    0.600000024,
                    0.707106769,
                    -0.707106769,
                    0,
                    0.353553355,
                    0.353553355,
                    0.866025448,
                    -0.612372458,
                    -0.612372458,
                    0.49999997
                ),
                ["Sprint"] = CFrame.new(0, -0.800000012, -0.899999976, 1, 0, 0, 0, 1, 0, 0, 0, 1)
            },
            ["Model"] = "Poleaxe",
            ["Reticle"] = {
                ["AimScale"] = 1,
                ["KeepVisible"] = true,
                ["ProneScale"] = 1,
                ["SlideScale"] = 1,
                ["VaultScale"] = 1,
                ["CrouchScale"] = 1,
                ["Size"] = 0
            },
            ["Category"] = "Melee",
            ["UnequippedModel"] = "Poleaxe",
            ["Damage"] = {["Base"] = 75, ["Backstab"] = 150}
        }
    },
    ["Baseball Bat"] = {
        ["Config"] = {
            ["Animators"] = {"Melee"},
            ["Melee"] = {
                ["HitEffect"] = "Bat_Hit",
                ["Range"] = 8,
                ["SpeedDebuffLength"] = 0.35,
                ["Time"] = 0.1,
                ["SpeedDebuff"] = 0.3,
                ["Speed"] = 8,
                ["Angle"] = 5,
                ["Delay"] = 0.07,
                ["Cooldown"] = 0.25
            },
            ["Slot"] = "Secondary",
            ["Controller"] = "Melee",
            ["ThirdPersonOffset"] = {
                ["Unequip"] = CFrame.new(
                    -0.5,
                    -2.5,
                    -0.5,
                    -4.37113883e-08,
                    -0.866025448,
                    0.49999997,
                    0,
                    0.49999997,
                    0.866025448,
                    -1,
                    3.78551732e-08,
                    -2.18556924e-08
                ),
                ["Default"] = CFrame.new(0, 0.300000012, -1.20000005, 1, 0, 0, 0, 1, 0, 0, 0, 1),
                ["Crouch"] = CFrame.new(0, 0.300000012, -1.20000005, 1, 0, 0, 0, 1, 0, 0, 0, 1),
                ["Equip"] = CFrame.new(
                    -0.5,
                    -2.5,
                    -0.5,
                    -4.37113883e-08,
                    -0.866025448,
                    0.49999997,
                    0,
                    0.49999997,
                    0.866025448,
                    -1,
                    3.78551732e-08,
                    -2.18556924e-08
                ),
                ["Sprint"] = CFrame.new(0, 0.300000012, -1.20000005, 1, 0, 0, 0, 1, 0, 0, 0, 1)
            },
            ["Handling"] = {
                ["IdleTime"] = 0.2,
                ["SprintTime"] = 0.2,
                ["Speed"] = 0.8,
                ["UnequipTime"] = 0.2,
                ["EquipTime"] = 0.2
            },
            ["Character"] = {["MoveSpeed"] = 1.02, ["TorsoTwist"] = 0},
            ["FirstPersonOffset"] = {
                ["Unequip"] = CFrame.new(
                    0.5,
                    -1.5,
                    0.600000024,
                    0.707106769,
                    -0.707106769,
                    0,
                    0.353553355,
                    0.353553355,
                    0.866025448,
                    -0.612372458,
                    -0.612372458,
                    0.49999997
                ),
                ["Default"] = CFrame.new(0, -0.699999988, -1.10000002, 1, 0, 0, 0, 1, 0, 0, 0, 1),
                ["Crouch"] = CFrame.new(0, -0.699999988, -1.10000002, 1, 0, 0, 0, 1, 0, 0, 0, 1),
                ["Equip"] = CFrame.new(
                    -0.200000003,
                    -2.5,
                    -1,
                    -4.37113883e-08,
                    -0.866025448,
                    0.49999997,
                    0,
                    0.49999997,
                    0.866025448,
                    -1,
                    3.78551732e-08,
                    -2.18556924e-08
                ),
                ["Sprint"] = CFrame.new(0, -0.699999988, -1.10000002, 1, 0, 0, 0, 1, 0, 0, 0, 1)
            },
            ["Model"] = "Baseball Bat",
            ["Category"] = "Melee",
            ["Reticle"] = {
                ["AimScale"] = 1,
                ["KeepVisible"] = true,
                ["ProneScale"] = 1,
                ["SlideScale"] = 1,
                ["VaultScale"] = 1,
                ["CrouchScale"] = 1,
                ["Size"] = 0
            },
            ["Damage"] = {["Base"] = 80, ["Backstab"] = 120}
        }
    },
    ["Riot Shield"] = {
        ["Config"] = {
            ["Animators"] = {"Shield"},
            ["Melee"] = {
                ["SpeedDebuffLength"] = 0.5,
                ["Delay"] = 0,
                ["Time"] = 0.2,
                ["SpeedDebuff"] = 0.5,
                ["Speed"] = 1.5,
                ["Angle"] = 9,
                ["Range"] = 7,
                ["EquipDelay"] = 0.6
            },
            ["Slot"] = "Secondary",
            ["Controller"] = "Melee",
            ["ThirdPersonOffset"] = {
                ["Unequip"] = CFrame.new(
                    0.800000012,
                    -1.20000005,
                    0.300000012,
                    1.91068547e-15,
                    4.37113883e-08,
                    -1,
                    1,
                    -4.37113883e-08,
                    0,
                    -4.37113883e-08,
                    -1,
                    -4.37113883e-08
                ),
                ["Default"] = CFrame.new(0, -0.200000003, -1.10000002, 1, 0, 0, 0, 1, 0, 0, 0, 1),
                ["Crouch"] = CFrame.new(0, -0.200000003, -1.70000005, 1, 0, 0, 0, 1, 0, 0, 0, 1),
                ["Equip"] = CFrame.new(
                    0.800000012,
                    -1.20000005,
                    0.300000012,
                    1.91068547e-15,
                    4.37113883e-08,
                    -1,
                    1,
                    -4.37113883e-08,
                    0,
                    -4.37113883e-08,
                    -1,
                    -4.37113883e-08
                ),
                ["Sprint"] = CFrame.new(0, -0.200000003, -1.10000002, 1, 0, 0, 0, 1, 0, 0, 0, 1),
                ["Aim"] = CFrame.new(0, -0.200000003, -1.10000002, 1, 0, 0, 0, 1, 0, 0, 0, 1)
            },
            ["Handling"] = {
                ["IdleTime"] = 0.3,
                ["SprintTime"] = 0.3,
                ["Speed"] = 0.8,
                ["UnequipTime"] = 0.3,
                ["EquipTime"] = 0.3
            },
            ["Character"] = {["MoveSpeed"] = 0.9, ["MaxLookAngle"] = 0.5, ["MinLookAngle"] = -0.3, ["TorsoTwist"] = 0},
            ["FirstPersonOffset"] = {
                ["Unequip"] = CFrame.new(
                    0.5,
                    -1.5,
                    0.600000024,
                    0.707106769,
                    -0.707106769,
                    0,
                    0.353553355,
                    0.353553355,
                    0.866025448,
                    -0.612372458,
                    -0.612372458,
                    0.49999997
                ),
                ["Default"] = CFrame.new(0, -1.10000002, -0.200000003, 1, 0, 0, 0, 1, 0, 0, 0, 1),
                ["Crouch"] = CFrame.new(0, -1.10000002, -0.200000003, 1, 0, 0, 0, 1, 0, 0, 0, 1),
                ["Equip"] = CFrame.new(
                    2,
                    -2.5,
                    0,
                    1.91068547e-15,
                    -4.37113883e-08,
                    -1,
                    -1,
                    -4.37113883e-08,
                    0,
                    -4.37113883e-08,
                    1,
                    -4.37113883e-08
                ),
                ["Sprint"] = CFrame.new(0, -1.10000002, -0.200000003, 1, 0, 0, 0, 1, 0, 0, 0, 1)
            },
            ["Model"] = "Riot Shield",
            ["Reticle"] = {
                ["AimScale"] = 1,
                ["KeepVisible"] = true,
                ["ProneScale"] = 1,
                ["SlideScale"] = 1,
                ["VaultScale"] = 1,
                ["CrouchScale"] = 1,
                ["Size"] = 0
            },
            ["Category"] = "Melee",
            ["UnequippedModel"] = "Riot Shield",
            ["Damage"] = {["Base"] = 75, ["Backstab"] = 75}
        }
    },
    ["Greatsword"] = {
        ["Config"] = {
            ["Animators"] = {"MedievalMelee"},
            ["Melee"] = {
                ["SpeedDebuffLength"] = 0.5,
                ["Time"] = 0.2,
                ["SpeedDebuff"] = 0.5,
                ["Speed"] = 5,
                ["Angle"] = 9,
                ["Range"] = 9,
                ["Delay"] = 0.75
            },
            ["Slot"] = "Secondary",
            ["Controller"] = "Melee",
            ["ThirdPersonOffset"] = {
                ["Unequip"] = CFrame.new(
                    -0.5,
                    -2.5,
                    -0.5,
                    -4.37113883e-08,
                    -0.866025448,
                    0.49999997,
                    0,
                    0.49999997,
                    0.866025448,
                    -1,
                    3.78551732e-08,
                    -2.18556924e-08
                ),
                ["Default"] = CFrame.new(0, 0.300000012, -1.20000005, 1, 0, 0, 0, 1, 0, 0, 0, 1),
                ["Crouch"] = CFrame.new(0, 0.300000012, -1.20000005, 1, 0, 0, 0, 1, 0, 0, 0, 1),
                ["Equip"] = CFrame.new(
                    -0.5,
                    -2.5,
                    -0.5,
                    -4.37113883e-08,
                    -0.866025448,
                    0.49999997,
                    0,
                    0.49999997,
                    0.866025448,
                    -1,
                    3.78551732e-08,
                    -2.18556924e-08
                ),
                ["Sprint"] = CFrame.new(0, 0.300000012, -1.20000005, 1, 0, 0, 0, 1, 0, 0, 0, 1)
            },
            ["Handling"] = {
                ["IdleTime"] = 0.2,
                ["SprintTime"] = 0.2,
                ["Speed"] = 0.7,
                ["UnequipTime"] = 0.2,
                ["EquipTime"] = 0.2
            },
            ["Character"] = {["MoveSpeed"] = 0.8, ["TorsoTwist"] = 0},
            ["FirstPersonOffset"] = {
                ["Unequip"] = CFrame.new(
                    0.5,
                    -1.5,
                    0.600000024,
                    0.707106769,
                    -0.707106769,
                    0,
                    0.353553355,
                    0.353553355,
                    0.866025448,
                    -0.612372458,
                    -0.612372458,
                    0.49999997
                ),
                ["Default"] = CFrame.new(0, -0.699999988, -1.10000002, 1, 0, 0, 0, 1, 0, 0, 0, 1),
                ["Crouch"] = CFrame.new(0, -0.699999988, -1.10000002, 1, 0, 0, 0, 1, 0, 0, 0, 1),
                ["Equip"] = CFrame.new(
                    -0.200000003,
                    -2.5,
                    -1,
                    -4.37113883e-08,
                    -0.866025448,
                    0.49999997,
                    0,
                    0.49999997,
                    0.866025448,
                    -1,
                    3.78551732e-08,
                    -2.18556924e-08
                ),
                ["Sprint"] = CFrame.new(0, -0.699999988, -1.10000002, 1, 0, 0, 0, 1, 0, 0, 0, 1)
            },
            ["Model"] = "Greatsword",
            ["Reticle"] = {
                ["AimScale"] = 1,
                ["KeepVisible"] = true,
                ["ProneScale"] = 1,
                ["SlideScale"] = 1,
                ["VaultScale"] = 1,
                ["CrouchScale"] = 1,
                ["Size"] = 0
            },
            ["Category"] = "Melee",
            ["UnequippedModel"] = "Greatsword",
            ["Damage"] = {["Base"] = 150, ["Backstab"] = 150}
        }
    },
    ["Viking Axe"] = {
        ["Config"] = {
            ["Animators"] = {"Melee", "MeleeShield", "ThirdPersonGrip"},
            ["Melee"] = {
                ["SpeedDebuffLength"] = 0.4,
                ["SpeedDebuff"] = 0.3,
                ["Time"] = 0.2,
                ["Blocking"] = true,
                ["Speed"] = 10,
                ["Angle"] = 9,
                ["Range"] = 8,
                ["Delay"] = 0.25
            },
            ["Slot"] = "Secondary",
            ["Controller"] = "Melee",
            ["ThirdPersonOffset"] = {
                ["Unequip"] = CFrame.new(
                    -0.5,
                    -2.5,
                    -0.5,
                    -4.37113883e-08,
                    -0.866025448,
                    0.49999997,
                    0,
                    0.49999997,
                    0.866025448,
                    -1,
                    3.78551732e-08,
                    -2.18556924e-08
                ),
                ["Default"] = CFrame.new(0, 0.300000012, -1.20000005, 1, 0, 0, 0, 1, 0, 0, 0, 1),
                ["Crouch"] = CFrame.new(0, 0.300000012, -1.20000005, 1, 0, 0, 0, 1, 0, 0, 0, 1),
                ["Equip"] = CFrame.new(
                    -0.5,
                    -2.5,
                    -0.5,
                    -4.37113883e-08,
                    -0.866025448,
                    0.49999997,
                    0,
                    0.49999997,
                    0.866025448,
                    -1,
                    3.78551732e-08,
                    -2.18556924e-08
                ),
                ["Sprint"] = CFrame.new(0, 0.300000012, -1.20000005, 1, 0, 0, 0, 1, 0, 0, 0, 1),
                ["Aim"] = CFrame.new(0, 0.300000012, -1.20000005, 1, 0, 0, 0, 1, 0, 0, 0, 1)
            },
            ["Handling"] = {
                ["IdleTime"] = 0.2,
                ["SprintTime"] = 0.2,
                ["Speed"] = 0.8,
                ["UnequipTime"] = 0.2,
                ["EquipTime"] = 0.2
            },
            ["Aim"] = {["Attachment"] = "AimAttach", ["AimTime"] = 0.2, ["FOV"] = 0.7},
            ["Character"] = {["MoveSpeed"] = 1, ["TorsoTwist"] = 0},
            ["FirstPersonOffset"] = {
                ["Unequip"] = CFrame.new(
                    0.5,
                    -1.5,
                    0.600000024,
                    0.707106769,
                    -0.707106769,
                    0,
                    0.353553355,
                    0.353553355,
                    0.866025448,
                    -0.612372458,
                    -0.612372458,
                    0.49999997
                ),
                ["Default"] = CFrame.new(0, -0.699999988, -1.10000002, 1, 0, 0, 0, 1, 0, 0, 0, 1),
                ["Crouch"] = CFrame.new(0, -0.699999988, -1.10000002, 1, 0, 0, 0, 1, 0, 0, 0, 1),
                ["Equip"] = CFrame.new(
                    -0.200000003,
                    -2.5,
                    -1,
                    -4.37113883e-08,
                    -0.866025448,
                    0.49999997,
                    0,
                    0.49999997,
                    0.866025448,
                    -1,
                    3.78551732e-08,
                    -2.18556924e-08
                ),
                ["Sprint"] = CFrame.new(0, -0.699999988, -1.10000002, 1, 0, 0, 0, 1, 0, 0, 0, 1)
            },
            ["Model"] = "Viking Axe",
            ["Reticle"] = {
                ["AimScale"] = 1,
                ["KeepVisible"] = true,
                ["ProneScale"] = 1,
                ["SlideScale"] = 1,
                ["VaultScale"] = 1,
                ["CrouchScale"] = 1,
                ["Size"] = 0
            },
            ["Category"] = "Melee",
            ["UnequippedModel"] = "Viking Axe",
            ["Damage"] = {["Base"] = 75, ["Backstab"] = 75}
        }
    },
    ["Flail"] = {
        ["Config"] = {
            ["Animators"] = {"Melee", "MeleePhysics"},
            ["Melee"] = {
                ["SpeedDebuffLength"] = 0.4,
                ["Time"] = 0.15,
                ["SpeedDebuff"] = 0.3,
                ["Speed"] = 12,
                ["Angle"] = 10,
                ["Range"] = 9,
                ["Delay"] = 0.1
            },
            ["Slot"] = "Secondary",
            ["Controller"] = "Melee",
            ["ThirdPersonOffset"] = {
                ["Unequip"] = CFrame.new(
                    -0.5,
                    -2.5,
                    -0.5,
                    -4.37113883e-08,
                    -0.866025448,
                    0.49999997,
                    0,
                    0.49999997,
                    0.866025448,
                    -1,
                    3.78551732e-08,
                    -2.18556924e-08
                ),
                ["Default"] = CFrame.new(0, 0.200000003, -1.29999995, 1, 0, 0, 0, 1, 0, 0, 0, 1),
                ["Crouch"] = CFrame.new(0, 0.200000003, -1.29999995, 1, 0, 0, 0, 1, 0, 0, 0, 1),
                ["Equip"] = CFrame.new(
                    -0.5,
                    -2.5,
                    -0.5,
                    -4.37113883e-08,
                    -0.866025448,
                    0.49999997,
                    0,
                    0.49999997,
                    0.866025448,
                    -1,
                    3.78551732e-08,
                    -2.18556924e-08
                ),
                ["Sprint"] = CFrame.new(0, 0.200000003, -1.29999995, 1, 0, 0, 0, 1, 0, 0, 0, 1)
            },
            ["Handling"] = {
                ["IdleTime"] = 0.2,
                ["SprintTime"] = 0.2,
                ["Speed"] = 1,
                ["UnequipTime"] = 0.2,
                ["EquipTime"] = 0.2
            },
            ["Character"] = {["MoveSpeed"] = 1, ["TorsoTwist"] = 0},
            ["FirstPersonOffset"] = {
                ["Unequip"] = CFrame.new(
                    0.5,
                    -1.5,
                    0.600000024,
                    0.707106769,
                    -0.707106769,
                    0,
                    0.353553355,
                    0.353553355,
                    0.866025448,
                    -0.612372458,
                    -0.612372458,
                    0.49999997
                ),
                ["Default"] = CFrame.new(0, -0.699999988, -1.10000002, 1, 0, 0, 0, 1, 0, 0, 0, 1),
                ["Crouch"] = CFrame.new(0, -0.699999988, -1.10000002, 1, 0, 0, 0, 1, 0, 0, 0, 1),
                ["Equip"] = CFrame.new(
                    -0.200000003,
                    -2.5,
                    -1,
                    -4.37113883e-08,
                    -0.866025448,
                    0.49999997,
                    0,
                    0.49999997,
                    0.866025448,
                    -1,
                    3.78551732e-08,
                    -2.18556924e-08
                ),
                ["Sprint"] = CFrame.new(0, -0.699999988, -1.10000002, 1, 0, 0, 0, 1, 0, 0, 0, 1)
            },
            ["Model"] = "Flail",
            ["Reticle"] = {
                ["AimScale"] = 1,
                ["KeepVisible"] = true,
                ["ProneScale"] = 1,
                ["SlideScale"] = 1,
                ["VaultScale"] = 1,
                ["CrouchScale"] = 1,
                ["Size"] = 0
            },
            ["Category"] = "Melee",
            ["UnequippedModel"] = "Flail",
            ["Damage"] = {["Base"] = 50, ["Backstab"] = 75}
        }
    }
}
