data = {
    ["Rolling Block Rifle"] = {
        ["Config"] = {
            ["Handling"] = {
                ["IdleTime"] = 0.2,
                ["SprintTime"] = 0.2,
                ["Speed"] = 0.9,
                ["UnequipTime"] = 0.2,
                ["EquipTime"] = 0.2
            },
            ["Character"] = {["MoveSpeed"] = 0.95, ["TorsoTwist"] = 8},
            ["FirstPersonOffset"] = {
                ["Unequip"] = CFrame.new(
                    -0.200000003,
                    -2.5999999,
                    -1,
                    -4.37113883e-08,
                    -0.309017003,
                    0.95105654,
                    0,
                    0.95105654,
                    0.309017003,
                    -1,
                    1.35075622e-08,
                    -4.1572001e-08
                ),
                ["Default"] = CFrame.new(
                    0.699999988,
                    -1,
                    -0.300000012,
                    0.987688363,
                    -0.156434476,
                    0,
                    0.156434476,
                    0.987688363,
                    0,
                    0,
                    0,
                    1
                ),
                ["Crouch"] = CFrame.new(
                    0.600000024,
                    -1,
                    -0.300000012,
                    0.90096885,
                    -0.433883756,
                    0,
                    0.433883756,
                    0.90096885,
                    0,
                    0,
                    0,
                    1
                ),
                ["Equip"] = CFrame.new(
                    -0.200000003,
                    -2.5999999,
                    -1,
                    -4.37113883e-08,
                    -0.309017003,
                    0.95105654,
                    0,
                    0.95105654,
                    0.309017003,
                    -1,
                    1.35075622e-08,
                    -4.1572001e-08
                ),
                ["Sprint"] = CFrame.new(
                    0.300000012,
                    -0.899999976,
                    -0.5,
                    0.707106769,
                    -0.21850802,
                    0.672498524,
                    0,
                    0.95105654,
                    0.309017003,
                    -0.707106769,
                    -0.21850802,
                    0.672498524
                )
            },
            ["Category"] = "Rifle",
            ["FireModes"] = {["Semi"] = {["FireRate"] = 240}},
            ["Damage"] = {["Chest"] = 150, ["Base"] = 75, ["Head"] = 150},
            ["Animators"] = {"Paintball"},
            ["Slot"] = "Primary",
            ["Controller"] = "Paintball",
            ["Magazine"] = {["ReloadTime"] = 1.4, ["Mode"] = "Default", ["Size"] = 1},
            ["Aim"] = {["Attachment"] = "AimAttach", ["AimTime"] = 0.2, ["FOV"] = 0.6},
            ["ThirdPersonOffset"] = {
                ["Unequip"] = CFrame.new(
                    -0.5,
                    -2.5,
                    -0.5,
                    -4.37113883e-08,
                    -0.866025448,
                    0.49999997,
                    0,
                    0.49999997,
                    0.866025448,
                    -1,
                    3.78551732e-08,
                    -2.18556924e-08
                ),
                ["Default"] = CFrame.new(0.600000024, -0.400000006, -0.400000006, 1, 0, 0, 0, 1, 0, 0, 0, 1),
                ["Crouch"] = CFrame.new(0.600000024, -0.400000006, -0.400000006, 1, 0, 0, 0, 1, 0, 0, 0, 1),
                ["Equip"] = CFrame.new(
                    -0.5,
                    -2.5,
                    -0.5,
                    -4.37113883e-08,
                    -0.866025448,
                    0.49999997,
                    0,
                    0.49999997,
                    0.866025448,
                    -1,
                    3.78551732e-08,
                    -2.18556924e-08
                ),
                ["Sprint"] = CFrame.new(
                    0.100000001,
                    -0.800000012,
                    -0.300000012,
                    0.49999997,
                    -0.2676166,
                    0.823639154,
                    0,
                    0.95105654,
                    0.309017003,
                    -0.866025448,
                    -0.154508486,
                    0.47552824
                ),
                ["Aim"] = CFrame.new(
                    0.5,
                    0.200000003,
                    -0.800000012,
                    0.994521916,
                    -0.104528464,
                    0,
                    0.104528464,
                    0.994521916,
                    0,
                    0,
                    0,
                    1
                )
            },
            ["AttachmentSlots"] = {
                ["Optic"] = true,
                ["Stock"] = true,
                ["Ammo"] = true,
                ["Grip"] = true,
                ["Muzzle"] = true,
                ["Barrel"] = true,
                ["Laser"] = true,
                ["Underbarrel"] = true,
                ["Perk"] = true
            },
            ["Reticle"] = {
                ["AimScale"] = 0,
                ["ProneScale"] = 1,
                ["SlideScale"] = 1.2,
                ["VaultScale"] = 2,
                ["CrouchScale"] = 1,
                ["Size"] = 5
            },
            ["Model"] = "Rolling Block Rifle",
            ["Projectile"] = {
                ["FalloffPercent"] = 0.75,
                ["FalloffEnd"] = 300,
                ["Template"] = "Paintball_Rifle",
                ["Amount"] = 1,
                ["CollatDamageMultiplier"] = 0.85,
                ["CollatDepth"] = 2,
                ["GravityCorrection"] = 2,
                ["FalloffStart"] = 200
            },
            ["FireModeList"] = {"Semi"},
            ["Recoil"] = {
                ["Default"] = {
                    ["WeaponSnapback"] = 1,
                    ["WeaponMovementAimScale"] = 0.75,
                    ["CameraAimScale"] = 1,
                    ["CameraScale"] = 0.5,
                    ["RecoilSpeed"] = 1,
                    ["WeaponScale"] = 1,
                    ["CameraRotation"] = Vector3.new(0, 0, 70),
                    ["WeaponRotation"] = Vector3.new(0, 100, 0),
                    ["WeaponRotationVariance"] = Vector3.new(0, 0, 50),
                    ["RecoilScale"] = 1.25,
                    ["WeaponRotationAimScale"] = 0.5,
                    ["RecoilCrouchScale"] = 1,
                    ["WeaponMovementSpeed"] = 1.5,
                    ["RecoilProneScale"] = 1,
                    ["RecoilRecenter"] = 1,
                    ["RecoilAimScale"] = 0.75,
                    ["RecoilMovement"] = "5, 45",
                    ["WeaponAimScale"] = 1,
                    ["RecoilMovementVariance"] = "5, 5",
                    ["WeaponRotationSpeed"] = 1,
                    ["CameraSpeed"] = 2.5,
                    ["RecoilRecenterTime"] = 0.35,
                    ["RecoilMovementTime"] = 0.05,
                    ["WeaponMovement"] = Vector3.new(0, 0, 300),
                    ["CameraRotationVariance"] = Vector3.new(10, 10, 10),
                    ["WeaponMovementVariance"] = Vector3.new(0, 0, 0)
                }
            }
        }
    },
    ["M1 Garand"] = {
        ["Config"] = {
            ["Handling"] = {
                ["IdleTime"] = 0.2,
                ["SprintTime"] = 0.2,
                ["Speed"] = 0.8,
                ["UnequipTime"] = 0.2,
                ["EquipTime"] = 0.2
            },
            ["Character"] = {["MoveSpeed"] = 0.9, ["TorsoTwist"] = 8},
            ["FirstPersonOffset"] = {
                ["Unequip"] = CFrame.new(
                    -0.200000003,
                    -2.5999999,
                    -1,
                    -4.37113883e-08,
                    -0.309017003,
                    0.95105654,
                    0,
                    0.95105654,
                    0.309017003,
                    -1,
                    1.35075622e-08,
                    -4.1572001e-08
                ),
                ["Default"] = CFrame.new(
                    0.800000012,
                    -1,
                    -0.200000003,
                    0.987688363,
                    -0.156434476,
                    0,
                    0.156434476,
                    0.987688363,
                    0,
                    0,
                    0,
                    1
                ),
                ["Crouch"] = CFrame.new(
                    0.800000012,
                    -1,
                    -0.200000003,
                    0.923879504,
                    -0.382683456,
                    0,
                    0.382683456,
                    0.923879504,
                    0,
                    0,
                    0,
                    1
                ),
                ["Equip"] = CFrame.new(
                    -0.200000003,
                    -2.5999999,
                    -1,
                    -4.37113883e-08,
                    -0.309017003,
                    0.95105654,
                    0,
                    0.95105654,
                    0.309017003,
                    -1,
                    1.35075622e-08,
                    -4.1572001e-08
                ),
                ["Sprint"] = CFrame.new(
                    0.899999976,
                    -2.0999999,
                    -0.800000012,
                    1,
                    0,
                    0,
                    0,
                    -4.37113883e-08,
                    -1,
                    0,
                    1,
                    -4.37113883e-08
                )
            },
            ["Category"] = "Rifle",
            ["FireModes"] = {["Auto"] = {["FireRate"] = 250}, ["Semi"] = {["FireRate"] = 250}},
            ["Damage"] = {["Chest"] = 100, ["Base"] = 70, ["Head"] = 150},
            ["Animators"] = {"ImprovedPaintball"},
            ["Slot"] = "Primary",
            ["Controller"] = "Paintball",
            ["Magazine"] = {["ReloadTime"] = 2, ["Mode"] = "Default", ["Size"] = 8},
            ["Aim"] = {["Attachment"] = "AimAttach", ["AimTime"] = 0.2, ["FOV"] = 0.6},
            ["ThirdPersonOffset"] = {
                ["Unequip"] = CFrame.new(
                    -0.5,
                    -2.5,
                    -0.5,
                    -4.37113883e-08,
                    -0.866025448,
                    0.49999997,
                    0,
                    0.49999997,
                    0.866025448,
                    -1,
                    3.78551732e-08,
                    -2.18556924e-08
                ),
                ["Default"] = CFrame.new(0.600000024, -0.400000006, -0.400000006, 1, 0, 0, 0, 1, 0, 0, 0, 1),
                ["Crouch"] = CFrame.new(0.600000024, -0.400000006, -0.400000006, 1, 0, 0, 0, 1, 0, 0, 0, 1),
                ["Equip"] = CFrame.new(
                    -0.5,
                    -2.5,
                    -0.5,
                    -4.37113883e-08,
                    -0.866025448,
                    0.49999997,
                    0,
                    0.49999997,
                    0.866025448,
                    -1,
                    3.78551732e-08,
                    -2.18556924e-08
                ),
                ["Sprint"] = CFrame.new(
                    0.800000012,
                    -0.400000006,
                    -0.5,
                    1,
                    0,
                    0,
                    0,
                    0.49999997,
                    -0.866025448,
                    0,
                    0.866025448,
                    0.49999997
                ),
                ["Aim"] = CFrame.new(
                    0.5,
                    0.200000003,
                    -0.800000012,
                    0.994521916,
                    -0.104528464,
                    0,
                    0.104528464,
                    0.994521916,
                    0,
                    0,
                    0,
                    1
                )
            },
            ["AttachmentSlots"] = {
                ["Optic"] = true,
                ["Stock"] = true,
                ["Ammo"] = true,
                ["Grip"] = true,
                ["Muzzle"] = true,
                ["Barrel"] = true,
                ["Laser"] = true,
                ["Underbarrel"] = true,
                ["Perk"] = true
            },
            ["Reticle"] = {
                ["AimScale"] = 0,
                ["ProneScale"] = 1,
                ["SlideScale"] = 1.2,
                ["VaultScale"] = 2,
                ["CrouchScale"] = 1,
                ["Size"] = 7
            },
            ["Model"] = "M1 Garand",
            ["Projectile"] = {
                ["FalloffPercent"] = 0.75,
                ["FalloffEnd"] = 275,
                ["Template"] = "Paintball_Rifle",
                ["Amount"] = 1,
                ["CollatDamageMultiplier"] = 0.85,
                ["CollatDepth"] = 2,
                ["GravityCorrection"] = 2,
                ["FalloffStart"] = 200
            },
            ["FireModeList"] = {"Semi"},
            ["Recoil"] = {
                ["Default"] = {
                    ["WeaponSnapback"] = 1,
                    ["WeaponMovementAimScale"] = 0.8,
                    ["CameraAimScale"] = 1,
                    ["CameraScale"] = 0.4,
                    ["RecoilSpeed"] = 1,
                    ["WeaponScale"] = 1,
                    ["CameraRotation"] = Vector3.new(0, 0, -50),
                    ["RecoilRecenter"] = 1,
                    ["WeaponRotation"] = Vector3.new(0, 100, 0),
                    ["RecoilAccelStartScale"] = 1,
                    ["WeaponRotationVariance"] = Vector3.new(0, 10, 20),
                    ["CameraRotationVariance"] = Vector3.new(10, 10, 10),
                    ["RecoilScale"] = 1,
                    ["WeaponRotationAimScale"] = 0.6,
                    ["RecoilCrouchScale"] = 1,
                    ["RecoilAccelStart"] = 5,
                    ["RecoilFrameDelay"] = 1,
                    ["WeaponMovementSpeed"] = 1.5,
                    ["RecoilProneScale"] = 1,
                    ["RecoilAccelEndScale"] = 3,
                    ["RecoilAimScale"] = 0.75,
                    ["RecoilMovement"] = "0, 15",
                    ["WeaponAimScale"] = 1,
                    ["RecoilMovementVariance"] = "8, 0",
                    ["WeaponRotationSpeed"] = 1,
                    ["CameraSpeed"] = 2.5,
                    ["RecoilRecenterTime"] = 0.2,
                    ["RecoilMovementTime"] = 0.1,
                    ["WeaponMovement"] = Vector3.new(0, 0, 150),
                    ["RecoilAccelEnd"] = 12,
                    ["WeaponMovementVariance"] = Vector3.new(0, 0, 20)
                }
            }
        }
    },
    ["SKS"] = {
        ["Config"] = {
            ["Handling"] = {
                ["IdleTime"] = 0.2,
                ["SprintTime"] = 0.2,
                ["Speed"] = 0.8,
                ["UnequipTime"] = 0.2,
                ["EquipTime"] = 0.2
            },
            ["Character"] = {["MoveSpeed"] = 0.9, ["TorsoTwist"] = 8},
            ["FirstPersonOffset"] = {
                ["Unequip"] = CFrame.new(
                    -0.200000003,
                    -2.5999999,
                    -1,
                    -4.37113883e-08,
                    -0.309017003,
                    0.95105654,
                    0,
                    0.95105654,
                    0.309017003,
                    -1,
                    1.35075622e-08,
                    -4.1572001e-08
                ),
                ["Default"] = CFrame.new(
                    0.800000012,
                    -1,
                    -0.100000001,
                    0.987688363,
                    -0.156434476,
                    0,
                    0.156434476,
                    0.987688363,
                    0,
                    0,
                    0,
                    1
                ),
                ["Crouch"] = CFrame.new(
                    0.699999988,
                    -1,
                    -0.100000001,
                    0.923879504,
                    -0.382683456,
                    0,
                    0.382683456,
                    0.923879504,
                    0,
                    0,
                    0,
                    1
                ),
                ["Equip"] = CFrame.new(
                    -0.200000003,
                    -2.5999999,
                    -1,
                    -4.37113883e-08,
                    -0.309017003,
                    0.95105654,
                    0,
                    0.95105654,
                    0.309017003,
                    -1,
                    1.35075622e-08,
                    -4.1572001e-08
                ),
                ["Sprint"] = CFrame.new(
                    0.300000012,
                    -0.899999976,
                    -0.5,
                    0.707106769,
                    -0.21850802,
                    0.672498524,
                    0,
                    0.95105654,
                    0.309017003,
                    -0.707106769,
                    -0.21850802,
                    0.672498524
                )
            },
            ["Category"] = "Rifle",
            ["FireModes"] = {["Semi"] = {["FireRate"] = 200}},
            ["Damage"] = {["Chest"] = 110, ["Base"] = 75, ["Head"] = 150},
            ["Animators"] = {"Paintball"},
            ["Slot"] = "Primary",
            ["Controller"] = "Paintball",
            ["Magazine"] = {["ReloadTime"] = 2.3, ["Mode"] = "Default", ["Size"] = 10},
            ["Aim"] = {["Attachment"] = "AimAttach", ["AimTime"] = 0.2, ["FOV"] = 0.6},
            ["ThirdPersonOffset"] = {
                ["Unequip"] = CFrame.new(
                    -0.5,
                    -2.5,
                    -0.5,
                    -4.37113883e-08,
                    -0.866025448,
                    0.49999997,
                    0,
                    0.49999997,
                    0.866025448,
                    -1,
                    3.78551732e-08,
                    -2.18556924e-08
                ),
                ["Default"] = CFrame.new(0.600000024, -0.400000006, -0.400000006, 1, 0, 0, 0, 1, 0, 0, 0, 1),
                ["Crouch"] = CFrame.new(0.600000024, -0.400000006, -0.400000006, 1, 0, 0, 0, 1, 0, 0, 0, 1),
                ["Equip"] = CFrame.new(
                    -0.5,
                    -2.5,
                    -0.5,
                    -4.37113883e-08,
                    -0.866025448,
                    0.49999997,
                    0,
                    0.49999997,
                    0.866025448,
                    -1,
                    3.78551732e-08,
                    -2.18556924e-08
                ),
                ["Sprint"] = CFrame.new(
                    0.100000001,
                    -0.800000012,
                    -0.300000012,
                    0.49999997,
                    -0.2676166,
                    0.823639154,
                    0,
                    0.95105654,
                    0.309017003,
                    -0.866025448,
                    -0.154508486,
                    0.47552824
                ),
                ["Aim"] = CFrame.new(
                    0.5,
                    0.200000003,
                    -0.800000012,
                    0.994521916,
                    -0.104528464,
                    0,
                    0.104528464,
                    0.994521916,
                    0,
                    0,
                    0,
                    1
                )
            },
            ["AttachmentSlots"] = {
                ["Muzzle"] = true,
                ["Optic"] = true,
                ["Laser"] = true,
                ["Underbarrel"] = true,
                ["Perk"] = true,
                ["Grip"] = true
            },
            ["Reticle"] = {
                ["AimScale"] = 0,
                ["ProneScale"] = 1,
                ["SlideScale"] = 1.2,
                ["VaultScale"] = 2,
                ["CrouchScale"] = 1,
                ["Size"] = 8
            },
            ["Model"] = "SKS",
            ["Projectile"] = {
                ["FalloffPercent"] = 0.75,
                ["FalloffEnd"] = 250,
                ["Template"] = "Paintball_Rifle",
                ["Amount"] = 1,
                ["CollatDamageMultiplier"] = 0.9,
                ["CollatDepth"] = 2,
                ["GravityCorrection"] = 2,
                ["FalloffStart"] = 175
            },
            ["FireModeList"] = {"Semi"},
            ["Recoil"] = {
                ["Default"] = {
                    ["WeaponSnapback"] = 1,
                    ["WeaponMovementAimScale"] = 0.8,
                    ["CameraAimScale"] = 1,
                    ["CameraScale"] = 0.4,
                    ["RecoilSpeed"] = 1,
                    ["WeaponScale"] = 1,
                    ["CameraRotation"] = Vector3.new(0, 0, 30),
                    ["WeaponRotation"] = Vector3.new(0, 60, 0),
                    ["WeaponRotationVariance"] = Vector3.new(0, 0, 20),
                    ["RecoilScale"] = 1,
                    ["WeaponRotationAimScale"] = 0.2,
                    ["RecoilCrouchScale"] = 1,
                    ["RecoilProneScale"] = 1,
                    ["WeaponMovementSpeed"] = 1.6,
                    ["RecoilRecenter"] = 1,
                    ["RecoilAimScale"] = 0.75,
                    ["RecoilRecenterTime"] = 0.3,
                    ["RecoilMovement"] = "0, 15",
                    ["WeaponAimScale"] = 1,
                    ["RecoilMovementVariance"] = "6, 3",
                    ["WeaponRotationSpeed"] = 1,
                    ["CameraSpeed"] = 2.5,
                    ["RecoilMovementTime"] = 0.06,
                    ["RecoilFrameDelay"] = 1,
                    ["WeaponMovement"] = Vector3.new(0, 0, 200),
                    ["CameraRotationVariance"] = Vector3.new(5, 5, 5),
                    ["WeaponMovementVariance"] = Vector3.new(0, 0, 0)
                }
            }
        }
    },
    ["T-64"] = {
        ["Config"] = {
            ["Handling"] = {
                ["IdleTime"] = 0.2,
                ["SprintTime"] = 0.2,
                ["Speed"] = 0.86,
                ["UnequipTime"] = 0.2,
                ["EquipTime"] = 0.2
            },
            ["Character"] = {
                ["ADSMoveSpeed"] = 1.05,
                ["ProneMoveSpeed"] = 1.1,
                ["MoveSpeed"] = 0.93,
                ["TorsoTwist"] = 5,
                ["FlinchScale"] = 1.05,
                ["CrouchMoveSpeed"] = 1
            },
            ["FirstPersonOffset"] = {
                ["Unequip"] = CFrame.new(
                    -0.200000003,
                    -2.5999999,
                    -1,
                    -4.37113883e-08,
                    -0.309017003,
                    0.95105654,
                    0,
                    0.95105654,
                    0.309017003,
                    -1,
                    1.35075622e-08,
                    -4.1572001e-08
                ),
                ["Default"] = CFrame.new(
                    0.899999976,
                    -1.10000002,
                    -0.300000012,
                    0.987688363,
                    -0.156434476,
                    0,
                    0.156434476,
                    0.987688363,
                    0,
                    0,
                    0,
                    1
                ),
                ["Crouch"] = CFrame.new(
                    0.699999988,
                    -1.10000002,
                    -0.300000012,
                    0.923879504,
                    -0.382683456,
                    0,
                    0.382683456,
                    0.923879504,
                    0,
                    0,
                    0,
                    1
                ),
                ["Equip"] = CFrame.new(
                    -0.200000003,
                    -2.5999999,
                    -1,
                    -4.37113883e-08,
                    -0.309017003,
                    0.95105654,
                    0,
                    0.95105654,
                    0.309017003,
                    -1,
                    1.35075622e-08,
                    -4.1572001e-08
                ),
                ["Sprint"] = CFrame.new(
                    0.200000003,
                    -1.10000002,
                    -0.5,
                    0.49999997,
                    -0.2676166,
                    0.823639154,
                    0,
                    0.95105654,
                    0.309017003,
                    -0.866025448,
                    -0.154508486,
                    0.47552824
                )
            },
            ["Category"] = "Rifle",
            ["FireModes"] = {["Auto"] = {["FireRate"] = 460}, ["Semi"] = {["FireRate"] = 280}},
            ["Damage"] = {["Chest"] = 75, ["Base"] = 50, ["Head"] = 150},
            ["Animators"] = {"ImprovedPaintball"},
            ["Slot"] = "Primary",
            ["Controller"] = "Paintball",
            ["Magazine"] = {["ReloadTime"] = 1.7, ["Mode"] = "Default", ["Size"] = 10},
            ["MuzzleFlash"] = "Default",
            ["Aim"] = {["Attachment"] = "AimAttach", ["AimTime"] = 0.24, ["FOV"] = 0.5},
            ["ThirdPersonOffset"] = {
                ["Unequip"] = CFrame.new(
                    -0.5,
                    -2.5,
                    -0.5,
                    -4.37113883e-08,
                    -0.866025448,
                    0.49999997,
                    0,
                    0.49999997,
                    0.866025448,
                    -1,
                    3.78551732e-08,
                    -2.18556924e-08
                ),
                ["Default"] = CFrame.new(0.600000024, -0.200000003, -0.400000006, 1, 0, 0, 0, 1, 0, 0, 0, 1),
                ["Crouch"] = CFrame.new(0.600000024, -0.200000003, -0.400000006, 1, 0, 0, 0, 1, 0, 0, 0, 1),
                ["Equip"] = CFrame.new(
                    -0.5,
                    -2.5,
                    -0.5,
                    -4.37113883e-08,
                    -0.866025448,
                    0.49999997,
                    0,
                    0.49999997,
                    0.866025448,
                    -1,
                    3.78551732e-08,
                    -2.18556924e-08
                ),
                ["Sprint"] = CFrame.new(
                    0.100000001,
                    -0.800000012,
                    -0.300000012,
                    0.49999997,
                    -0.2676166,
                    0.823639154,
                    0,
                    0.95105654,
                    0.309017003,
                    -0.866025448,
                    -0.154508486,
                    0.47552824
                ),
                ["Aim"] = CFrame.new(
                    0.5,
                    0.200000003,
                    -0.899999976,
                    0.994521916,
                    -0.104528464,
                    0,
                    0.104528464,
                    0.994521916,
                    0,
                    0,
                    0,
                    1
                )
            },
            ["AttachmentSlots"] = {
                ["Optic"] = true,
                ["Stock"] = true,
                ["Ammo"] = true,
                ["Grip"] = true,
                ["Muzzle"] = true,
                ["Barrel"] = true,
                ["Laser"] = true,
                ["Underbarrel"] = true,
                ["Perk"] = true
            },
            ["Reticle"] = {
                ["AimScale"] = 0,
                ["ProneScale"] = 1,
                ["SlideScale"] = 1.2,
                ["VaultScale"] = 2,
                ["CrouchScale"] = 1,
                ["Size"] = 6
            },
            ["Model"] = "T-64",
            ["Projectile"] = {
                ["FalloffPercent"] = 0.75,
                ["FalloffEnd"] = 275,
                ["Template"] = "Paintball_SlowRifle",
                ["Amount"] = 1,
                ["CollatDamageMultiplier"] = 0.75,
                ["CollatDepth"] = 2,
                ["GravityCorrection"] = 2,
                ["FalloffStart"] = 175
            },
            ["FireModeList"] = {"Semi"},
            ["Recoil"] = {
                ["Default"] = {
                    ["WeaponSnapback"] = 1,
                    ["WeaponMovementAimScale"] = 0.65,
                    ["CameraAimScale"] = 0.75,
                    ["CameraScale"] = 0.3,
                    ["RecoilSpeed"] = 0.75,
                    ["WeaponScale"] = 0.5,
                    ["CameraRotation"] = Vector3.new(0, 0, -25),
                    ["WeaponRotation"] = Vector3.new(0, 80, 15),
                    ["WeaponRotationVariance"] = Vector3.new(0, 0, 10),
                    ["RecoilScale"] = 1,
                    ["WeaponRotationAimScale"] = 0.2,
                    ["RecoilCrouchScale"] = 1,
                    ["WeaponMovementSpeed"] = 1.5,
                    ["RecoilProneScale"] = 1,
                    ["RecoilRecenter"] = 1,
                    ["RecoilAimScale"] = 0.75,
                    ["RecoilMovement"] = "-1.5, 13",
                    ["WeaponAimScale"] = 1.75,
                    ["RecoilMovementVariance"] = "5, 2",
                    ["WeaponRotationSpeed"] = 1,
                    ["CameraSpeed"] = 2.5,
                    ["RecoilRecenterTime"] = 0.25,
                    ["RecoilMovementTime"] = 0.1,
                    ["WeaponMovement"] = Vector3.new(0, 0, 500),
                    ["CameraRotationVariance"] = Vector3.new(5, 5, 5),
                    ["WeaponMovementVariance"] = Vector3.new(0, 0, 50)
                },
                ["Auto"] = {
                    ["WeaponSnapback"] = 1,
                    ["WeaponMovementAimScale"] = 0.65,
                    ["CameraAimScale"] = 0.75,
                    ["CameraScale"] = 0.3,
                    ["RecoilSpeed"] = 0.9,
                    ["WeaponScale"] = 0.5,
                    ["CameraRotation"] = Vector3.new(0, 0, 15),
                    ["WeaponRotation"] = Vector3.new(0, 40, 10),
                    ["RecoilRecenter"] = 0.8,
                    ["WeaponRotationVariance"] = Vector3.new(0, 0, 5),
                    ["RecoilAccelStartScale"] = 1,
                    ["RecoilScale"] = 1,
                    ["WeaponRotationAimScale"] = 0.2,
                    ["RecoilCrouchScale"] = 1,
                    ["RecoilAccelStart"] = 5,
                    ["CameraRotationVariance"] = Vector3.new(6, 6, 6),
                    ["WeaponMovementSpeed"] = 1.6,
                    ["RecoilProneScale"] = 1,
                    ["RecoilAccelEndScale"] = 1.45,
                    ["RecoilAimScale"] = 0.75,
                    ["RecoilMovement"] = "2.5, 7.75",
                    ["WeaponAimScale"] = 1.45,
                    ["RecoilMovementVariance"] = "4, 0.200000003",
                    ["WeaponRotationSpeed"] = 1,
                    ["CameraSpeed"] = 2.5,
                    ["RecoilRecenterTime"] = 0.1,
                    ["RecoilMovementTime"] = 0.1,
                    ["WeaponMovement"] = Vector3.new(0, 0, 250),
                    ["RecoilAccelEnd"] = 10,
                    ["WeaponMovementVariance"] = Vector3.new(0, 0, 25)
                }
            }
        }
    },
    ["Hawk"] = {
        ["Config"] = {
            ["Handling"] = {
                ["IdleTime"] = 0.2,
                ["SprintTime"] = 0.2,
                ["Speed"] = 0.89,
                ["UnequipTime"] = 0.2,
                ["EquipTime"] = 0.2
            },
            ["Character"] = {
                ["ADSMoveSpeed"] = 1.43,
                ["ProneMoveSpeed"] = 1,
                ["MoveSpeed"] = 0.92,
                ["TorsoTwist"] = 3,
                ["FlinchScale"] = 1,
                ["CrouchMoveSpeed"] = 1
            },
            ["FirstPersonOffset"] = {
                ["Unequip"] = CFrame.new(1, -3, 0, 1, 0, 0, 0, -4.37113883e-08, 1, 0, -1, -4.37113883e-08),
                ["Default"] = CFrame.new(
                    0.699999988,
                    -1,
                    -0.75,
                    0.987688363,
                    -0.156434476,
                    0,
                    0.156434476,
                    0.987688363,
                    0,
                    0,
                    0,
                    1
                ),
                ["Crouch"] = CFrame.new(
                    0.5,
                    -0.899999976,
                    -0.800000012,
                    0.707106769,
                    -0.707106769,
                    0,
                    0.707106769,
                    0.707106769,
                    0,
                    0,
                    0,
                    1
                ),
                ["Equip"] = CFrame.new(0.800000012, -3, 0, 1, 0, 0, 0, -4.37113883e-08, 1, 0, -1, -4.37113883e-08),
                ["Sprint"] = CFrame.new(
                    0.5,
                    -1,
                    -0.75,
                    0.707106769,
                    -0.21850802,
                    0.672498524,
                    0,
                    0.95105654,
                    0.309017003,
                    -0.707106769,
                    -0.21850802,
                    0.672498524
                )
            },
            ["Category"] = "Rifle",
            ["FireModes"] = {["Auto"] = {["FireRate"] = 350}, ["Semi"] = {["FireRate"] = 350}},
            ["Damage"] = {["Chest"] = 110, ["Base"] = 60, ["Head"] = 150},
            ["Animators"] = {"ImprovedPaintball", "Sight", "RevolverAmmoHider"},
            ["Slot"] = "Primary",
            ["Controller"] = "Paintball",
            ["Magazine"] = {["ReloadTime"] = 2.7, ["Mode"] = "Default", ["Size"] = 6},
            ["Aim"] = {
                ["ScopeSensitivity"] = true,
                ["FOV"] = 0.24,
                ["ScopeGlare"] = true,
                ["Attachment"] = "AimAttach",
                ["AimTime"] = 0.2
            },
            ["ThirdPersonOffset"] = {
                ["Unequip"] = CFrame.new(
                    -0.5,
                    -2.5,
                    -0.5,
                    -4.37113883e-08,
                    -0.866025448,
                    0.49999997,
                    0,
                    0.49999997,
                    0.866025448,
                    -1,
                    3.78551732e-08,
                    -2.18556924e-08
                ),
                ["Default"] = CFrame.new(0.600000024, 0.300000012, -1.5, 1, 0, 0, 0, 1, 0, 0, 0, 1),
                ["Crouch"] = CFrame.new(0.5, 0.300000012, -1.5, 1, 0, 0, 0, 1, 0, 0, 0, 1),
                ["Equip"] = CFrame.new(
                    -0.5,
                    -2.5,
                    -0.5,
                    -4.37113883e-08,
                    -0.866025448,
                    0.49999997,
                    0,
                    0.49999997,
                    0.866025448,
                    -1,
                    3.78551732e-08,
                    -2.18556924e-08
                ),
                ["Sprint"] = CFrame.new(
                    0.699999988,
                    0.400000006,
                    0,
                    1,
                    0,
                    0,
                    0,
                    -4.37113883e-08,
                    -1,
                    0,
                    1,
                    -4.37113883e-08
                ),
                ["Aim"] = CFrame.new(
                    0.300000012,
                    0.5,
                    -1.5,
                    0.994521916,
                    -0.104528464,
                    0,
                    0.104528464,
                    0.994521916,
                    0,
                    0,
                    0,
                    1
                )
            },
            ["AttachmentSlots"] = {
                ["Optic"] = true,
                ["Stock"] = true,
                ["Ammo"] = true,
                ["Grip"] = true,
                ["Muzzle"] = false,
                ["Barrel"] = true,
                ["Laser"] = true,
                ["Underbarrel"] = true,
                ["Perk"] = true
            },
            ["Reticle"] = {
                ["AimScale"] = 0,
                ["ProneScale"] = 1,
                ["EquipTime"] = 0.25,
                ["SlideScale"] = 1.2,
                ["VaultScale"] = 2,
                ["CrouchScale"] = 1,
                ["Size"] = 6
            },
            ["Model"] = "Hawk",
            ["Projectile"] = {
                ["Silenced"] = true,
                ["FalloffPercent"] = 0.9,
                ["Template"] = "Paintball_Rifle",
                ["Amount"] = 1,
                ["FalloffEnd"] = 300,
                ["CollatDepth"] = 2,
                ["GravityCorrection"] = 2,
                ["FalloffStart"] = 200
            },
            ["FireModeList"] = {"Semi"},
            ["Recoil"] = {
                ["Default"] = {
                    ["WeaponSnapback"] = 0,
                    ["WeaponMovementAimScale"] = 1,
                    ["CameraAimScale"] = 0.75,
                    ["CameraScale"] = 0.6,
                    ["RecoilSpeed"] = 1,
                    ["WeaponScale"] = 1.25,
                    ["CameraRotation"] = Vector3.new(0, 0, 20),
                    ["WeaponRotation"] = Vector3.new(0, 100, 0),
                    ["RecoilRecenter"] = 1,
                    ["WeaponRotationVariance"] = Vector3.new(50, 0, 0),
                    ["RecoilAccelStartScale"] = 1,
                    ["RecoilScale"] = 1.5,
                    ["WeaponRotationAimScale"] = 0.1458966565349544,
                    ["RecoilCrouchScale"] = 1,
                    ["RecoilAccelStart"] = 2,
                    ["CameraRotationVariance"] = Vector3.new(10, 10, 5),
                    ["WeaponMovementSpeed"] = 1.082066869300912,
                    ["RecoilProneScale"] = 1,
                    ["RecoilAccelEndScale"] = 3.5,
                    ["RecoilAimScale"] = 1.25,
                    ["RecoilMovement"] = "0, 9",
                    ["WeaponAimScale"] = 0.8,
                    ["RecoilMovementVariance"] = "5, 5",
                    ["WeaponRotationSpeed"] = 1.1428571428571428,
                    ["CameraSpeed"] = 3.5,
                    ["RecoilRecenterTime"] = 0.1,
                    ["RecoilMovementTime"] = 0.1,
                    ["WeaponMovement"] = Vector3.new(0, 0, 75),
                    ["RecoilAccelEnd"] = 5,
                    ["WeaponMovementVariance"] = Vector3.new(0, 0, 0)
                }
            }
        }
    },
    ["Mk 14"] = {
        ["Config"] = {
            ["Handling"] = {
                ["IdleTime"] = 0.2,
                ["SprintTime"] = 0.2,
                ["Speed"] = 0.8,
                ["UnequipTime"] = 0.2,
                ["EquipTime"] = 0.2
            },
            ["Character"] = {["MoveSpeed"] = 0.9, ["TorsoTwist"] = 5},
            ["FirstPersonOffset"] = {
                ["Unequip"] = CFrame.new(
                    -0.200000003,
                    -2.5999999,
                    -1,
                    -4.37113883e-08,
                    -0.309017003,
                    0.95105654,
                    0,
                    0.95105654,
