data = {
    ["SPAS-12"] = {
        ["Config"] = {
            ["Handling"] = {
                ["IdleTime"] = 0.2,
                ["SprintTime"] = 0.2,
                ["Speed"] = 0.95,
                ["UnequipTime"] = 0.2,
                ["EquipTime"] = 0.2
            },
            ["Character"] = {["MoveSpeed"] = 0.95, ["TorsoTwist"] = 5},
            ["FirstPersonOffset"] = {
                ["Unequip"] = CFrame.new(
                    -0.200000003,
                    -2.5999999,
                    -1,
                    -4.37113883e-08,
                    -0.309017003,
                    0.95105654,
                    0,
                    0.95105654,
                    0.309017003,
                    -1,
                    1.35075622e-08,
                    -4.1572001e-08
                ),
                ["Default"] = CFrame.new(
                    0.800000012,
                    -1.29999995,
                    0.100000001,
                    0.987688363,
                    -0.156434476,
                    0,
                    0.156434476,
                    0.987688363,
                    0,
                    0,
                    0,
                    1
                ),
                ["Crouch"] = CFrame.new(
                    0.800000012,
                    -1.29999995,
                    0.100000001,
                    0.923879504,
                    -0.382683456,
                    0,
                    0.382683456,
                    0.923879504,
                    0,
                    0,
                    0,
                    1
                ),
                ["Equip"] = CFrame.new(
                    -0.200000003,
                    -2.5999999,
                    -1,
                    -4.37113883e-08,
                    -0.309017003,
                    0.95105654,
                    0,
                    0.95105654,
                    0.309017003,
                    -1,
                    1.35075622e-08,
                    -4.1572001e-08
                ),
                ["Sprint"] = CFrame.new(
                    0.300000012,
                    -1.20000005,
                    -0.5,
                    0.49999997,
                    -0.2676166,
                    0.823639154,
                    0,
                    0.95105654,
                    0.309017003,
                    -0.866025448,
                    -0.154508486,
                    0.47552824
                )
            },
            ["Category"] = "Shotgun",
            ["FireModes"] = {["Semi"] = {["FireRate"] = 180}},
            ["Damage"] = {["Chest"] = 17, ["Base"] = 17, ["Head"] = 17},
            ["Animators"] = {"ImprovedPaintball"},
            ["Slot"] = "Primary",
            ["Controller"] = "Paintball",
            ["Magazine"] = {["ReloadTime"] = 0.6, ["Mode"] = "Individual", ["Size"] = 8},
            ["ThirdPersonOffset"] = {
                ["Unequip"] = CFrame.new(
                    -0.5,
                    -2.5,
                    -0.5,
                    -4.37113883e-08,
                    -0.866025448,
                    0.49999997,
                    0,
                    0.49999997,
                    0.866025448,
                    -1,
                    3.78551732e-08,
                    -2.18556924e-08
                ),
                ["Default"] = CFrame.new(0.600000024, -0.600000024, 0, 1, 0, 0, 0, 1, 0, 0, 0, 1),
                ["Crouch"] = CFrame.new(0.600000024, -0.600000024, 0, 1, 0, 0, 0, 1, 0, 0, 0, 1),
                ["Equip"] = CFrame.new(
                    -0.5,
                    -2.5,
                    -0.5,
                    -4.37113883e-08,
                    -0.866025448,
                    0.49999997,
                    0,
                    0.49999997,
                    0.866025448,
                    -1,
                    3.78551732e-08,
                    -2.18556924e-08
                ),
                ["Sprint"] = CFrame.new(
                    0.100000001,
                    -0.800000012,
                    -0.300000012,
                    0.49999997,
                    -0.2676166,
                    0.823639154,
                    0,
                    0.95105654,
                    0.309017003,
                    -0.866025448,
                    -0.154508486,
                    0.47552824
                ),
                ["Aim"] = CFrame.new(0.5, 0, -0.5, 0.994521916, -0.104528464, 0, 0.104528464, 0.994521916, 0, 0, 0, 1)
            },
            ["Aim"] = {["Attachment"] = "AimAttach", ["AimTime"] = 0.2, ["FOV"] = 0.6},
            ["Reticle"] = {
                ["AimScale"] = 0.8,
                ["ProneScale"] = 1,
                ["SlideScale"] = 1.2,
                ["VaultScale"] = 2,
                ["CrouchScale"] = 1,
                ["Size"] = 9
            },
            ["AttachmentSlots"] = {
                ["Muzzle"] = true,
                ["Barrel"] = true,
                ["Stock"] = true,
                ["Underbarrel"] = true,
                ["Ammo"] = true,
                ["Perk"] = true,
                ["Grip"] = true
            },
            ["Name"] = "DMS-12",
            ["Model"] = "SPAS-12",
            ["Projectile"] = {
                ["Template"] = "Paintball",
                ["Amount"] = 9,
                ["FalloffPercent"] = 0.15,
                ["GravityCorrection"] = 2,
                ["FalloffEnd"] = 100,
                ["FalloffStart"] = 30
            },
            ["FireModeList"] = {"Semi"},
            ["Recoil"] = {
                ["Default"] = {
                    ["WeaponSnapback"] = 1,
                    ["WeaponMovementAimScale"] = 0.8,
                    ["CameraAimScale"] = 1.2,
                    ["CameraScale"] = 0.4,
                    ["RecoilSpeed"] = 1,
                    ["WeaponScale"] = 1,
                    ["CameraRotation"] = Vector3.new(0, 0, 40),
                    ["WeaponRotation"] = Vector3.new(-100, 280, -100),
                    ["WeaponRotationVariance"] = Vector3.new(10, 40, 10),
                    ["RecoilScale"] = 1,
                    ["WeaponRotationAimScale"] = 0.8,
                    ["RecoilCrouchScale"] = 1,
                    ["WeaponMovementSpeed"] = 1.5,
                    ["RecoilProneScale"] = 1,
                    ["RecoilRecenter"] = 0.5,
                    ["RecoilAimScale"] = 0.75,
                    ["RecoilMovement"] = "-5, 30",
                    ["WeaponAimScale"] = 1,
                    ["RecoilMovementVariance"] = "10, 10",
                    ["WeaponRotationSpeed"] = 1,
                    ["CameraSpeed"] = 2.5,
                    ["RecoilRecenterTime"] = 0.1,
                    ["RecoilMovementTime"] = 0.05,
                    ["WeaponMovement"] = Vector3.new(100, -140, 300),
                    ["CameraRotationVariance"] = Vector3.new(20, 20, 20),
                    ["WeaponMovementVariance"] = Vector3.new(10, 10, 30)
                }
            }
        }
    },
    ["Saiga-12"] = {
        ["Config"] = {
            ["Handling"] = {
                ["IdleTime"] = 0.2,
                ["SprintTime"] = 0.2,
                ["Speed"] = 1,
                ["UnequipTime"] = 0.2,
                ["EquipTime"] = 0.2
            },
            ["Character"] = {["MoveSpeed"] = 0.95, ["TorsoTwist"] = 5},
            ["FirstPersonOffset"] = {
                ["Unequip"] = CFrame.new(
                    -0.200000003,
                    -2.5999999,
                    -1,
                    -4.37113883e-08,
                    -0.309017003,
                    0.95105654,
                    0,
                    0.95105654,
                    0.309017003,
                    -1,
                    1.35075622e-08,
                    -4.1572001e-08
                ),
                ["Default"] = CFrame.new(
                    0.800000012,
                    -1.20000005,
                    -0.300000012,
                    0.987688363,
                    -0.156434476,
                    0,
                    0.156434476,
                    0.987688363,
                    0,
                    0,
                    0,
                    1
                ),
                ["Crouch"] = CFrame.new(
                    0.800000012,
                    -1.20000005,
                    -0.300000012,
                    0.923879504,
                    -0.382683456,
                    0,
                    0.382683456,
                    0.923879504,
                    0,
                    0,
                    0,
                    1
                ),
                ["Equip"] = CFrame.new(
                    -0.200000003,
                    -2.5999999,
                    -1,
                    -4.37113883e-08,
                    -0.309017003,
                    0.95105654,
                    0,
                    0.95105654,
                    0.309017003,
                    -1,
                    1.35075622e-08,
                    -4.1572001e-08
                ),
                ["Sprint"] = CFrame.new(
                    0.200000003,
                    -1.10000002,
                    -0.5,
                    0.49999997,
                    -0.2676166,
                    0.823639154,
                    0,
                    0.95105654,
                    0.309017003,
                    -0.866025448,
                    -0.154508486,
                    0.47552824
                )
            },
            ["Category"] = "Shotgun",
            ["FireModes"] = {["Semi"] = {["FireRate"] = 300}},
            ["Damage"] = {["Chest"] = 10.4, ["Base"] = 10.4, ["Head"] = 10.4},
            ["Animators"] = {"Paintball"},
            ["Slot"] = "Primary",
            ["Controller"] = "Paintball",
            ["Magazine"] = {["ReloadTime"] = 1.7, ["Mode"] = "Default", ["Size"] = 10},
            ["Aim"] = {["Attachment"] = "AimAttach", ["AimTime"] = 0.2, ["FOV"] = 0.6},
            ["ThirdPersonOffset"] = {
                ["Unequip"] = CFrame.new(
                    -0.5,
                    -2.5,
                    -0.5,
                    -4.37113883e-08,
                    -0.866025448,
                    0.49999997,
                    0,
                    0.49999997,
                    0.866025448,
                    -1,
                    3.78551732e-08,
                    -2.18556924e-08
                ),
                ["Default"] = CFrame.new(0.600000024, -0.600000024, -0.300000012, 1, 0, 0, 0, 1, 0, 0, 0, 1),
                ["Crouch"] = CFrame.new(0.600000024, -0.600000024, -0.300000012, 1, 0, 0, 0, 1, 0, 0, 0, 1),
                ["Equip"] = CFrame.new(
                    -0.5,
                    -2.5,
                    -0.5,
                    -4.37113883e-08,
                    -0.866025448,
                    0.49999997,
                    0,
                    0.49999997,
                    0.866025448,
                    -1,
                    3.78551732e-08,
                    -2.18556924e-08
                ),
                ["Sprint"] = CFrame.new(
                    0.100000001,
                    -0.800000012,
                    -0.300000012,
                    0.49999997,
                    -0.2676166,
                    0.823639154,
                    0,
                    0.95105654,
                    0.309017003,
                    -0.866025448,
                    -0.154508486,
                    0.47552824
                ),
                ["Aim"] = CFrame.new(
                    0.5,
                    0,
                    -0.800000012,
                    0.994521916,
                    -0.104528464,
                    0,
                    0.104528464,
                    0.994521916,
                    0,
                    0,
                    0,
                    1
                )
            },
            ["AttachmentSlots"] = {
                ["Muzzle"] = true,
                ["Optic"] = true,
                ["Underbarrel"] = true,
                ["Perk"] = true,
                ["Grip"] = true
            },
            ["Reticle"] = {
                ["AimScale"] = 0.8,
                ["ProneScale"] = 1,
                ["SlideScale"] = 1.2,
                ["VaultScale"] = 2,
                ["CrouchScale"] = 1,
                ["Size"] = 7
            },
            ["Model"] = "Saiga-12",
            ["Projectile"] = {
                ["Template"] = "Paintball",
                ["Amount"] = 10,
                ["FalloffPercent"] = 0.15,
                ["GravityCorrection"] = 2,
                ["FalloffEnd"] = 300,
                ["FalloffStart"] = 30
            },
            ["FireModeList"] = {"Semi"},
            ["Recoil"] = {
                ["Default"] = {
                    ["WeaponSnapback"] = 1,
                    ["WeaponMovementAimScale"] = 1,
                    ["CameraAimScale"] = 1.2,
                    ["CameraScale"] = 0.4,
                    ["RecoilSpeed"] = 1,
                    ["WeaponScale"] = 1,
                    ["CameraRotation"] = Vector3.new(0, 0, -10),
                    ["WeaponRotation"] = Vector3.new(0, 80, 10),
                    ["WeaponRotationVariance"] = Vector3.new(0, 0, 30),
                    ["RecoilScale"] = 1.2,
                    ["WeaponRotationAimScale"] = 0.6,
                    ["RecoilCrouchScale"] = 1,
                    ["WeaponMovementSpeed"] = 2,
                    ["RecoilProneScale"] = 1,
                    ["RecoilRecenter"] = 0.8,
                    ["RecoilAimScale"] = 0.75,
                    ["RecoilMovement"] = "2, 15",
                    ["WeaponAimScale"] = 1,
                    ["RecoilMovementVariance"] = "5, 5",
                    ["WeaponRotationSpeed"] = 1,
                    ["CameraSpeed"] = 3,
                    ["RecoilRecenterTime"] = 0.3,
                    ["RecoilMovementTime"] = 0.1,
                    ["WeaponMovement"] = Vector3.new(0, 0, 140),
                    ["CameraRotationVariance"] = Vector3.new(4, 4, 4),
                    ["WeaponMovementVariance"] = Vector3.new(0, 0, 30)
                }
            }
        }
    },
    ["HONCHO"] = {
        ["Config"] = {
            ["Handling"] = {
                ["IdleTime"] = 0.2,
                ["SprintTime"] = 0.2,
                ["Speed"] = 0.9,
                ["UnequipTime"] = 0.2,
                ["EquipTime"] = 0.2
            },
            ["Character"] = {["MoveSpeed"] = 1, ["TorsoTwist"] = 8},
            ["FirstPersonOffset"] = {
                ["Unequip"] = CFrame.new(
                    -0.200000003,
                    -2.5999999,
                    -1,
                    -4.37113883e-08,
                    -0.309017003,
                    0.95105654,
                    0,
                    0.95105654,
                    0.309017003,
                    -1,
                    1.35075622e-08,
                    -4.1572001e-08
                ),
                ["Default"] = CFrame.new(
                    0.699999988,
                    -1,
                    0,
                    0.987688363,
                    -0.156434476,
                    0,
                    0.156434476,
                    0.987688363,
                    0,
                    0,
                    0,
                    1
                ),
                ["Crouch"] = CFrame.new(
                    0.699999988,
                    -1,
                    0,
                    0.923879504,
                    -0.382683456,
                    0,
                    0.382683456,
                    0.923879504,
                    0,
                    0,
                    0,
                    1
                ),
                ["Equip"] = CFrame.new(
                    -0.200000003,
                    -2.5999999,
                    -1,
                    -4.37113883e-08,
                    -0.309017003,
                    0.95105654,
                    0,
                    0.95105654,
                    0.309017003,
                    -1,
                    1.35075622e-08,
                    -4.1572001e-08
                ),
                ["Sprint"] = CFrame.new(
                    0.200000003,
                    -0.899999976,
                    -0.5,
                    0.49999997,
                    -0.2676166,
                    0.823639154,
                    0,
                    0.95105654,
                    0.309017003,
                    -0.866025448,
                    -0.154508486,
                    0.47552824
                )
            },
            ["Category"] = "Shotgun",
            ["FireModes"] = {["Semi"] = {["FireRate"] = 85}},
            ["ShootAnimationMatchROF"] = true,
            ["Animators"] = {"ImprovedPaintball"},
            ["Slot"] = "Primary",
            ["Controller"] = "Paintball",
            ["Magazine"] = {["ReloadTime"] = 0.6, ["Mode"] = "Individual", ["Size"] = 6},
            ["ThirdPersonOffset"] = {
                ["Unequip"] = CFrame.new(
                    -0.5,
                    -2.5,
                    -0.5,
                    -4.37113883e-08,
                    -0.866025448,
                    0.49999997,
                    0,
                    0.49999997,
                    0.866025448,
                    -1,
                    3.78551732e-08,
                    -2.18556924e-08
                ),
                ["Default"] = CFrame.new(0.5, -0.200000003, -0.200000003, 1, 0, 0, 0, 1, 0, 0, 0, 1),
                ["Crouch"] = CFrame.new(0.5, -0.200000003, -0.200000003, 1, 0, 0, 0, 1, 0, 0, 0, 1),
                ["Equip"] = CFrame.new(
                    -0.5,
                    -2.5,
                    -0.5,
                    -4.37113883e-08,
                    -0.866025448,
                    0.49999997,
                    0,
                    0.49999997,
                    0.866025448,
                    -1,
                    3.78551732e-08,
                    -2.18556924e-08
                ),
                ["Sprint"] = CFrame.new(
                    0.100000001,
                    -0.800000012,
                    -0.300000012,
                    0.49999997,
                    -0.2676166,
                    0.823639154,
                    0,
                    0.95105654,
                    0.309017003,
                    -0.866025448,
                    -0.154508486,
                    0.47552824
                ),
                ["Aim"] = CFrame.new(
                    0.300000012,
                    0.400000006,
                    -0.400000006,
                    0.994521916,
                    -0.104528464,
                    0,
                    0.104528464,
                    0.994521916,
                    0,
                    0,
                    0,
                    1
                )
            },
            ["Aim"] = {["Attachment"] = "AimAttach", ["AimTime"] = 0.2, ["FOV"] = 0.6},
            ["Damage"] = {["Chest"] = 17, ["Base"] = 17, ["Head"] = 17},
            ["AttachmentSlots"] = {
                ["Muzzle"] = true,
                ["Optic"] = true,
                ["Stock"] = true,
                ["Underbarrel"] = true,
                ["Barrel"] = true,
                ["Ammo"] = true,
                ["Perk"] = true,
                ["Grip"] = true
            },
            ["FireModeList"] = {"Semi"},
            ["Model"] = "HONCHO",
            ["Projectile"] = {
                ["Template"] = "Paintball",
                ["Amount"] = 10,
                ["FalloffPercent"] = 0.2,
                ["GravityCorrection"] = 2,
                ["FalloffEnd"] = 100,
                ["FalloffStart"] = 50
            },
            ["Reticle"] = {
                ["AimScale"] = 0.8,
                ["ProneScale"] = 1,
                ["SlideScale"] = 1.2,
                ["VaultScale"] = 2,
                ["CrouchScale"] = 1,
                ["Size"] = 7
            },
            ["Recoil"] = {
                ["Default"] = {
                    ["WeaponSnapback"] = 1,
                    ["WeaponMovementAimScale"] = 0.6,
                    ["CameraAimScale"] = 1.2,
                    ["CameraScale"] = 0.4,
                    ["RecoilSpeed"] = 1,
                    ["WeaponScale"] = 1,
                    ["CameraRotation"] = Vector3.new(0, 0, 60),
                    ["WeaponRotation"] = Vector3.new(-200, 300, -200),
                    ["WeaponRotationVariance"] = Vector3.new(20, 20, 50),
                    ["RecoilScale"] = 1.5,
                    ["WeaponRotationAimScale"] = 0.7,
                    ["RecoilCrouchScale"] = 1,
                    ["RecoilProneScale"] = 1,
                    ["WeaponMovementSpeed"] = 1,
                    ["RecoilRecenter"] = 0.8,
                    ["RecoilAimScale"] = 0.75,
                    ["RecoilRecenterTime"] = 0.3,
                    ["RecoilMovement"] = "-10, 30",
                    ["WeaponAimScale"] = 1,
                    ["RecoilMovementVariance"] = "6, 10",
                    ["WeaponRotationSpeed"] = 1,
                    ["CameraSpeed"] = 2.5,
                    ["RecoilMovementTime"] = 0.08,
                    ["RecoilFrameDelay"] = 1,
                    ["WeaponMovement"] = Vector3.new(80, 0, 120),
                    ["CameraRotationVariance"] = Vector3.new(10, 10, 10),
                    ["WeaponMovementVariance"] = Vector3.new(0, 0, 0)
                }
            }
        }
    },
    ["Model 1887"] = {
        ["Config"] = {
            ["Handling"] = {
                ["IdleTime"] = 0.2,
                ["SprintTime"] = 0.2,
                ["Speed"] = 1,
                ["UnequipTime"] = 0.2,
                ["EquipTime"] = 0.2
            },
            ["Character"] = {["MoveSpeed"] = 0.97, ["TorsoTwist"] = 8},
            ["FirstPersonOffset"] = {
                ["Unequip"] = CFrame.new(
                    -0.200000003,
                    -2.5999999,
                    -1,
                    -4.37113883e-08,
                    -0.309017003,
                    0.95105654,
                    0,
                    0.95105654,
                    0.309017003,
                    -1,
                    1.35075622e-08,
                    -4.1572001e-08
                ),
                ["Default"] = CFrame.new(
                    0.699999988,
                    -1,
                    0.100000001,
                    0.987688363,
                    -0.156434476,
                    0,
                    0.156434476,
                    0.987688363,
                    0,
                    0,
                    0,
                    1
                ),
                ["Crouch"] = CFrame.new(
                    0.699999988,
                    -1,
                    0.100000001,
                    0.923879504,
                    -0.382683456,
                    0,
                    0.382683456,
                    0.923879504,
                    0,
                    0,
                    0,
                    1
                ),
                ["Equip"] = CFrame.new(
                    -0.200000003,
                    -2.5999999,
                    -1,
                    -4.37113883e-08,
                    -0.309017003,
                    0.95105654,
                    0,
                    0.95105654,
                    0.309017003,
                    -1,
                    1.35075622e-08,
                    -4.1572001e-08
                ),
                ["Sprint"] = CFrame.new(
                    0.400000006,
                    -0.899999976,
                    -0.5,
                    0.49999997,
                    -0.2676166,
                    0.823639154,
                    0,
                    0.95105654,
                    0.309017003,
                    -0.866025448,
                    -0.154508486,
                    0.47552824
                )
            },
            ["Category"] = "Shotgun",
            ["FireModes"] = {["Semi"] = {["FireRate"] = 66}},
            ["Damage"] = {["Chest"] = 17, ["Base"] = 17, ["Head"] = 17},
            ["Animators"] = {"Paintball"},
            ["Slot"] = "Primary",
            ["Controller"] = "Paintball",
            ["Magazine"] = {["ReloadTime"] = 0.7, ["Mode"] = "Individual", ["Size"] = 7},
            ["Aim"] = {["Attachment"] = "AimAttach", ["AimTime"] = 0.2, ["FOV"] = 0.6},
            ["ThirdPersonOffset"] = {
                ["Unequip"] = CFrame.new(
                    -0.5,
                    -2.5,
                    -0.5,
                    -4.37113883e-08,
                    -0.866025448,
                    0.49999997,
                    0,
                    0.49999997,
                    0.866025448,
                    -1,
                    3.78551732e-08,
                    -2.18556924e-08
                ),
                ["Default"] = CFrame.new(0.5, -0.200000003, -0.200000003, 1, 0, 0, 0, 1, 0, 0, 0, 1),
                ["Crouch"] = CFrame.new(0.5, -0.200000003, -0.200000003, 1, 0, 0, 0, 1, 0, 0, 0, 1),
                ["Equip"] = CFrame.new(
                    -0.5,
                    -2.5,
                    -0.5,
                    -4.37113883e-08,
                    -0.866025448,
                    0.49999997,
                    0,
                    0.49999997,
                    0.866025448,
                    -1,
                    3.78551732e-08,
                    -2.18556924e-08
                ),
                ["Sprint"] = CFrame.new(
                    0.100000001,
                    -0.800000012,
                    -0.300000012,
                    0.49999997,
                    -0.2676166,
                    0.823639154,
                    0,
                    0.95105654,
                    0.309017003,
                    -0.866025448,
                    -0.154508486,
                    0.47552824
                ),
                ["Aim"] = CFrame.new(
                    0.300000012,
                    0.400000006,
                    -0.400000006,
                    0.994521916,
                    -0.104528464,
                    0,
                    0.104528464,
                    0.994521916,
                    0,
                    0,
                    0,
                    1
                )
            },
            ["AttachmentSlots"] = {["Muzzle"] = true, ["Optic"] = true, ["Perk"] = true, ["Grip"] = true},
            ["Reticle"] = {
                ["AimScale"] = 0.7,
                ["ProneScale"] = 1,
                ["SlideScale"] = 1.2,
                ["VaultScale"] = 2,
                ["CrouchScale"] = 1,
                ["Size"] = 7
            },
            ["Model"] = "Model 1887",
            ["Projectile"] = {
                ["Template"] = "Paintball",
                ["Amount"] = 11,
                ["FalloffPercent"] = 0.2,
                ["GravityCorrection"] = 2,
                ["FalloffEnd"] = 150,
                ["FalloffStart"] = 50
            },
            ["FireModeList"] = {"Semi"},
            ["Recoil"] = {
                ["Default"] = {
                    ["WeaponSnapback"] = 1,
                    ["WeaponMovementAimScale"] = 0.4,
                    ["CameraAimScale"] = 1.2,
                    ["CameraScale"] = 0.4,
                    ["RecoilSpeed"] = 1,
                    ["WeaponScale"] = 1,
                    ["CameraRotation"] = Vector3.new(0, 0, 40),
                    ["WeaponRotation"] = Vector3.new(-60, 300, -60),
                    ["WeaponRotationVariance"] = Vector3.new(20, 50, 20),
                    ["RecoilScale"] = 1,
                    ["WeaponRotationAimScale"] = 0.65,
                    ["RecoilCrouchScale"] = 1,
                    ["WeaponMovementSpeed"] = 0.5,
                    ["RecoilProneScale"] = 1,
                    ["RecoilRecenter"] = 0.8,
                    ["RecoilAimScale"] = 0.75,
                    ["RecoilMovement"] = "0, 40",
                    ["WeaponAimScale"] = 1,
                    ["RecoilMovementVariance"] = "20, 0",
                    ["WeaponRotationSpeed"] = 0.8,
                    ["CameraSpeed"] = 2.5,
                    ["RecoilRecenterTime"] = 0.4,
                    ["RecoilMovementTime"] = 0.1,
                    ["WeaponMovement"] = Vector3.new(30, -50, 260),
                    ["CameraRotationVariance"] = Vector3.new(10, 10, 10),
                    ["WeaponMovementVariance"] = Vector3.new(10, 0, 30)
                }
            }
        }
    },
    ["Ithaca DB"] = {
        ["Config"] = {
            ["Handling"] = {
                ["IdleTime"] = 0.2,
                ["SprintTime"] = 0.2,
                ["Speed"] = 1,
                ["UnequipTime"] = 0.2,
                ["EquipTime"] = 0.2
            },
            ["Character"] = {["MoveSpeed"] = 0.95, ["TorsoTwist"] = 8},
            ["FirstPersonOffset"] = {
                ["Unequip"] = CFrame.new(
                    -0.200000003,
                    -2.5999999,
                    -1,
                    -4.37113883e-08,
                    -0.309017003,
                    0.95105654,
                    0,
                    0.95105654,
                    0.309017003,
                    -1,
                    1.35075622e-08,
                    -4.1572001e-08
                ),
                ["Default"] = CFrame.new(
                    0.699999988,
                    -1,
                    -0.400000006,
                    0.987688363,
                    -0.156434476,
                    0,
                    0.156434476,
                    0.987688363,
                    0,
                    0,
                    0,
                    1
                ),
                ["Crouch"] = CFrame.new(
                    0.699999988,
                    -1,
                    -0.400000006,
                    0.923879504,
                    -0.382683456,
                    0,
                    0.382683456,
                    0.923879504,
                    0,
                    0,
                    0,
                    1
                ),
                ["Equip"] = CFrame.new(
                    -0.200000003,
                    -2.5999999,
                    -1,
                    -4.37113883e-08,
                    -0.309017003,
                    0.95105654,
                    0,
                    0.95105654,
                    0.309017003,
                    -1,
                    1.35075622e-08,
                    -4.1572001e-08
                ),
                ["Sprint"] = CFrame.new(
                    0.200000003,
                    -0.899999976,
                    -0.600000024,
                    0.49999997,
                    -0.2676166,
                    0.823639154,
                    0,
                    0.95105654,
                    0.309017003,
                    -0.866025448,
                    -0.154508486,
                    0.47552824
                )
            },
            ["Category"] = "Shotgun",
            ["FireModes"] = {["Semi"] = {["FireRate"] = 300}},
            ["Damage"] = {["Chest"] = 18, ["Base"] = 18, ["Head"] = 18},
            ["Animators"] = {"Paintball"},
            ["Slot"] = "Primary",
            ["Controller"] = "Paintball",
            ["Magazine"] = {["ReloadTime"] = 1.5, ["Mode"] = "Default", ["Size"] = 2},
            ["ThirdPersonOffset"] = {
                ["Unequip"] = CFrame.new(
                    -0.5,
                    -2.5,
                    -0.5,
                    -4.37113883e-08,
                    -0.866025448,
                    0.49999997,
                    0,
                    0.49999997,
                    0.866025448,
                    -1,
                    3.78551732e-08,
                    -2.18556924e-08
                ),
                ["Default"] = CFrame.new(0.5, -0.200000003, -0.200000003, 1, 0, 0, 0, 1, 0, 0, 0, 1),
                ["Crouch"] = CFrame.new(0.5, -0.200000003, -0.200000003, 1, 0, 0, 0, 1, 0, 0, 0, 1),
                ["Equip"] = CFrame.new(
                    -0.5,
                    -2.5,
                    -0.5,
                    -4.37113883e-08,
                    -0.866025448,
                    0.49999997,
                    0,
                    0.49999997,
                    0.866025448,
                    -1,
                    3.78551732e-08,
                    -2.18556924e-08
                ),
                ["Sprint"] = CFrame.new(
                    0.100000001,
                    -0.800000012,
                    -0.300000012,
                    0.49999997,
                    -0.2676166,
                    0.823639154,
                    0,
                    0.95105654,
                    0.309017003,
                    -0.866025448,
                    -0.154508486,
                    0.47552824
                ),
                ["Aim"] = CFrame.new(
                    0.300000012,
                    0.400000006,
                    -0.400000006,
                    0.994521916,
                    -0.104528464,
                    0,
                    0.104528464,
                    0.994521916,
                    0,
                    0,
                    0,
                    1
                )
            },
            ["Aim"] = {["Attachment"] = "AimAttach", ["AimTime"] = 0.2, ["FOV"] = 0.6},
            ["Reticle"] = {
                ["AimScale"] = 0.65,
                ["ProneScale"] = 1,
                ["SlideScale"] = 1.2,
                ["VaultScale"] = 2,
                ["CrouchScale"] = 1,
                ["Size"] = 6
            },
            ["AttachmentSlots"] = {["Grip"] = true, ["Optic"] = true, ["Perk"] = true, ["Underbarrel"] = true},
            ["Name"] = "Double Barrel",
            ["Model"] = "Ithaca DB",
            ["Projectile"] = {
                ["Template"] = "Paintball",
                ["Amount"] = 10,
                ["FalloffPercent"] = 0.15,
                ["GravityCorrection"] = 2,
                ["FalloffEnd"] = 150,
                ["FalloffStart"] = 50
            },
            ["FireModeList"] = {"Semi"},
            ["Recoil"] = {
                ["Default"] = {
                    ["WeaponSnapback"] = 1,
                    ["WeaponMovementAimScale"] = 0.5,
                    ["CameraAimScale"] = 1.2,
                    ["CameraScale"] = 0.4,
                    ["RecoilSpeed"] = 1,
                    ["WeaponScale"] = 1,
                    ["CameraRotation"] = Vector3.new(0, 0, 100),
                    ["WeaponRotation"] = Vector3.new(-150, 400, -100),
                    ["WeaponRotationVariance"] = Vector3.new(20, 50, 20),
                    ["RecoilScale"] = 1.3,
                    ["WeaponRotationAimScale"] = 0.8,
                    ["RecoilCrouchScale"] = 1,
                    ["WeaponMovementSpeed"] = 1.2,
                    ["RecoilProneScale"] = 1,
                    ["RecoilRecenter"] = 0.6,
                    ["RecoilAimScale"] = 0.75,
                    ["RecoilMovement"] = "10, 30",
                    ["WeaponAimScale"] = 1,
                    ["RecoilMovementVariance"] = "5, 15",
                    ["WeaponRotationSpeed"] = 0.8,
                    ["CameraSpeed"] = 2.5,
                    ["RecoilRecenterTime"] = 0.3,
                    ["RecoilMovementTime"] = 0.1,
                    ["WeaponMovement"] = Vector3.new(130, -150, 300),
                    ["CameraRotationVariance"] = Vector3.new(10, 10, 10),
                    ["WeaponMovementVariance"] = Vector3.new(20, 20, 20)
                }
            }
        }
    },
    ["Taurus Judge"] = {
        ["Config"] = {
            ["Handling"] = {
                ["IdleTime"] = 0.2,
                ["SprintTime"] = 0.2,
                ["Speed"] = 0.87,
                ["UnequipTime"] = 0.2,
                ["EquipTime"] = 0.2
            },
            ["Character"] = {["MoveSpeed"] = 0.98, ["ADSMoveSpeed"] = 1.1, ["TorsoTwist"] = 3},
            ["FirstPersonOffset"] = {
                ["Unequip"] = CFrame.new(1, -2, 0, 1, 0, 0, 0, 0.49999997, 0.866025448, 0, -0.866025448, 0.49999997),
                ["Default"] = CFrame.new(
                    0.800000012,
                    -1.29999995,
                    -1.10000002,
                    0.987688363,
                    -0.156434476,
                    0,
                    0.156434476,
                    0.987688363,
                    0,
                    0,
                    0,
                    1
                ),
                ["Crouch"] = CFrame.new(
                    0.800000012,
                    -1.29999995,
                    -1.10000002,
                    0.923879504,
                    -0.382683456,
                    0,
                    0.382683456,
                    0.923879504,
                    0,
                    0,
                    0,
                    1
                ),
                ["Equip"] = CFrame.new(
                    0.800000012,
                    -2,
                    0,
                    1,
                    0,
                    0,
                    0,
                    0.49999997,
                    0.866025448,
                    0,
                    -0.866025448,
                    0.49999997
                ),
                ["Sprint"] = CFrame.new(0, -1.29999995, -1.70000005, 1, 0, 0, 0, 1, 0, 0, 0, 1)
            },
            ["Category"] = "Shotgun",
            ["FireModes"] = {["Semi"] = {["FireRate"] = 260}},
            ["Damage"] = {["Chest"] = 11, ["Base"] = 11, ["Head"] = 11},
            ["Animators"] = {"ImprovedPaintball"},
            ["ThirdPersonOffset"] = {
                ["Unequip"] = CFrame.new(
                    -0.5,
                    -2.5,
                    -0.5,
                    -4.37113883e-08,
                    -0.866025448,
                    0.49999997,
                    0,
                    0.49999997,
                    0.866025448,
                    -1,
                    3.78551732e-08,
                    -2.18556924e-08
                ),
                ["Default"] = CFrame.new(0.5, 0.300000012, -1.70000005, 1, 0, 0, 0, 1, 0, 0, 0, 1),
                ["Crouch"] = CFrame.new(0.5, 0.300000012, -1.70000005, 1, 0, 0, 0, 1, 0, 0, 0, 1),
                ["Equip"] = CFrame.new(
                    -0.5,
                    -2.5,
                    -0.5,
                    -4.37113883e-08,
                    -0.866025448,
                    0.49999997,
                    0,
                    0.49999997,
                    0.866025448,
                    -1,
                    3.78551732e-08,
                    -2.18556924e-08
                ),
                ["Sprint"] = CFrame.new(
                    0.699999988,
                    0.5,
                    -0.200000003,
                    1,
                    0,
                    0,
                    0,
                    -4.37113883e-08,
                    -1,
                    0,
                    1,
                    -4.37113883e-08
                ),
                ["Aim"] = CFrame.new(
                    0.300000012,
                    0.5,
                    -1.5,
                    0.994521916,
                    -0.104528464,
                    0,
                    0.104528464,
                    0.994521916,
                    0,
                    0,
                    0,
                    1
                )
            },
