data = {
    ["Mosin-Nagant"] = {
        ["Config"] = {
            ["Handling"] = {
                ["IdleTime"] = 0.2,
                ["SprintTime"] = 0.2,
                ["Speed"] = 0.8,
                ["UnequipTime"] = 0.2,
                ["EquipTime"] = 0.2
            },
            ["Character"] = {["MoveSpeed"] = 0.95, ["ADSMoveSpeed"] = 1.15, ["FlinchScale"] = 1},
            ["FirstPersonOffset"] = {
                ["Unequip"] = CFrame.new(
                    -0.200000003,
                    -2.5999999,
                    -1,
                    -4.37113883e-08,
                    -0.309017003,
                    0.95105654,
                    0,
                    0.95105654,
                    0.309017003,
                    -1,
                    1.35075622e-08,
                    -4.1572001e-08
                ),
                ["Default"] = CFrame.new(
                    0.800000012,
                    -1,
                    0,
                    0.987688363,
                    -0.156434476,
                    0,
                    0.156434476,
                    0.987688363,
                    0,
                    0,
                    0,
                    1
                ),
                ["Crouch"] = CFrame.new(
                    0.800000012,
                    -1,
                    0,
                    0.923879504,
                    -0.382683456,
                    0,
                    0.382683456,
                    0.923879504,
                    0,
                    0,
                    0,
                    1
                ),
                ["Equip"] = CFrame.new(
                    -0.200000003,
                    -2.5999999,
                    -1,
                    -4.37113883e-08,
                    -0.309017003,
                    0.95105654,
                    0,
                    0.95105654,
                    0.309017003,
                    -1,
                    1.35075622e-08,
                    -4.1572001e-08
                ),
                ["Sprint"] = CFrame.new(
                    0.800000012,
                    -2.29999995,
                    -0.800000012,
                    1,
                    0,
                    0,
                    0,
                    -4.37113883e-08,
                    -1,
                    0,
                    1,
                    -4.37113883e-08
                )
            },
            ["Category"] = "Sniper Rifle",
            ["FireModes"] = {["Semi"] = {["FireRate"] = 72}},
            ["MobileManualShoot"] = true,
            ["Damage"] = {["Chest"] = 120, ["Base"] = 120, ["Head"] = 150},
            ["Animators"] = {"Paintball"},
            ["Slot"] = "Primary",
            ["Controller"] = "Paintball",
            ["Magazine"] = {["ReloadTime"] = 2.2, ["Mode"] = "Default", ["Size"] = 5},
            ["Aim"] = {["Attachment"] = "AimAttach", ["AimTime"] = 0.2, ["FOV"] = 0.6},
            ["ThirdPersonOffset"] = {
                ["Unequip"] = CFrame.new(
                    -0.5,
                    -2.5,
                    -0.5,
                    -4.37113883e-08,
                    -0.866025448,
                    0.49999997,
                    0,
                    0.49999997,
                    0.866025448,
                    -1,
                    3.78551732e-08,
                    -2.18556924e-08
                ),
                ["Default"] = CFrame.new(0.600000024, -0.400000006, 0, 1, 0, 0, 0, 1, 0, 0, 0, 1),
                ["Crouch"] = CFrame.new(0.600000024, -0.400000006, 0, 1, 0, 0, 0, 1, 0, 0, 0, 1),
                ["Equip"] = CFrame.new(
                    -0.5,
                    -2.5,
                    -0.5,
                    -4.37113883e-08,
                    -0.866025448,
                    0.49999997,
                    0,
                    0.49999997,
                    0.866025448,
                    -1,
                    3.78551732e-08,
                    -2.18556924e-08
                ),
                ["Sprint"] = CFrame.new(
                    0.800000012,
                    -0.400000006,
                    -0.5,
                    1,
                    0,
                    0,
                    0,
                    0.49999997,
                    -0.866025448,
                    0,
                    0.866025448,
                    0.49999997
                ),
                ["Aim"] = CFrame.new(
                    0.5,
                    0.200000003,
                    -0.5,
                    0.994521916,
                    -0.104528464,
                    0,
                    0.104528464,
                    0.994521916,
                    0,
                    0,
                    0,
                    1
                )
            },
            ["AttachmentSlots"] = {
                ["Muzzle"] = true,
                ["Optic"] = true,
                ["Laser"] = true,
                ["Underbarrel"] = true,
                ["Perk"] = true,
                ["Grip"] = true
            },
            ["Reticle"] = {
                ["AimScale"] = 0,
                ["ProneScale"] = 1,
                ["SlideScale"] = 1.2,
                ["VaultScale"] = 2,
                ["CrouchScale"] = 1,
                ["Size"] = 5
            },
            ["Model"] = "Mosin-Nagant",
            ["Projectile"] = {
                ["FalloffPercent"] = 1,
                ["Template"] = "Paintball_Sniper",
                ["Amount"] = 1,
                ["FalloffEnd"] = 500,
                ["CollatDepth"] = 3,
                ["GravityCorrection"] = 2,
                ["FalloffStart"] = 0
            },
            ["FireModeList"] = {"Semi"},
            ["Recoil"] = {
                ["Default"] = {
                    ["WeaponSnapback"] = 1,
                    ["WeaponMovementAimScale"] = 0.6,
                    ["CameraAimScale"] = 1.2,
                    ["CameraScale"] = 0.4,
                    ["RecoilSpeed"] = 1,
                    ["WeaponScale"] = 1,
                    ["CameraRotation"] = Vector3.new(0, 0, -80),
                    ["WeaponRotation"] = Vector3.new(0, 200, -30),
                    ["WeaponRotationVariance"] = Vector3.new(0, 0, 50),
                    ["RecoilScale"] = 0.8,
                    ["WeaponRotationAimScale"] = 0.8,
                    ["RecoilCrouchScale"] = 1,
                    ["WeaponMovementSpeed"] = 1.2,
                    ["RecoilProneScale"] = 1,
                    ["RecoilRecenter"] = 1,
                    ["RecoilAimScale"] = 0.75,
                    ["RecoilMovement"] = "5, 30",
                    ["WeaponAimScale"] = 1,
                    ["RecoilMovementVariance"] = "10, 5",
                    ["WeaponRotationSpeed"] = 0.7,
                    ["CameraSpeed"] = 2.4,
                    ["RecoilRecenterTime"] = 0.6,
                    ["RecoilMovementTime"] = 0.1,
                    ["WeaponMovement"] = Vector3.new(0, 0, 200),
                    ["CameraRotationVariance"] = Vector3.new(20, 20, 10),
                    ["WeaponMovementVariance"] = Vector3.new(0, 0, 40)
                }
            }
        }
    },
    ["ASR-50"] = {
        ["Config"] = {
            ["Handling"] = {
                ["IdleTime"] = 0.25,
                ["SprintTime"] = 0.25,
                ["Speed"] = 0.75,
                ["UnequipTime"] = 0.25,
                ["EquipTime"] = 0.25
            },
            ["Character"] = {["MoveSpeed"] = 0.85, ["FlinchScale"] = 1},
            ["FirstPersonOffset"] = {
                ["Unequip"] = CFrame.new(
                    -0.200000003,
                    -2.5999999,
                    -1,
                    -4.37113883e-08,
                    -0.309017003,
                    0.95105654,
                    0,
                    0.95105654,
                    0.309017003,
                    -1,
                    1.35075622e-08,
                    -4.1572001e-08
                ),
                ["Default"] = CFrame.new(
                    0.899999976,
                    -1.20000005,
                    -0.200000003,
                    0.987688363,
                    -0.156434476,
                    0,
                    0.156434476,
                    0.987688363,
                    0,
                    0,
                    0,
                    1
                ),
                ["Crouch"] = CFrame.new(
                    0.899999976,
                    -1.20000005,
                    -0.200000003,
                    0.923879504,
                    -0.382683456,
                    0,
                    0.382683456,
                    0.923879504,
                    0,
                    0,
                    0,
                    1
                ),
                ["Equip"] = CFrame.new(
                    -0.200000003,
                    -2.5999999,
                    -1,
                    -4.37113883e-08,
                    -0.309017003,
                    0.95105654,
                    0,
                    0.95105654,
                    0.309017003,
                    -1,
                    1.35075622e-08,
                    -4.1572001e-08
                ),
                ["Sprint"] = CFrame.new(
                    0.200000003,
                    -1.10000002,
                    -0.5,
                    0.49999997,
                    -0.2676166,
                    0.823639154,
                    0,
                    0.95105654,
                    0.309017003,
                    -0.866025448,
                    -0.154508486,
                    0.47552824
                )
            },
            ["Category"] = "Sniper Rifle",
            ["FireModes"] = {["Semi"] = {["FireRate"] = 90}},
            ["MobileManualShoot"] = true,
            ["Damage"] = {["Chest"] = 150, ["Base"] = 100, ["Head"] = 300},
            ["Animators"] = {"ImprovedPaintball", "Scope"},
            ["Slot"] = "Primary",
            ["Controller"] = "Paintball",
            ["Magazine"] = {["ReloadTime"] = 2.4, ["Mode"] = "Default", ["Size"] = 5},
            ["ThirdPersonOffset"] = {
                ["Unequip"] = CFrame.new(
                    -0.5,
                    -2.5,
                    -0.5,
                    -4.37113883e-08,
                    -0.866025448,
                    0.49999997,
                    0,
                    0.49999997,
                    0.866025448,
                    -1,
                    3.78551732e-08,
                    -2.18556924e-08
                ),
                ["Default"] = CFrame.new(0.600000024, -0.400000006, -0.400000006, 1, 0, 0, 0, 1, 0, 0, 0, 1),
                ["Crouch"] = CFrame.new(0.600000024, -0.400000006, -0.400000006, 1, 0, 0, 0, 1, 0, 0, 0, 1),
                ["Equip"] = CFrame.new(
                    -0.5,
                    -2.5,
                    -0.5,
                    -4.37113883e-08,
                    -0.866025448,
                    0.49999997,
                    0,
                    0.49999997,
                    0.866025448,
                    -1,
                    3.78551732e-08,
                    -2.18556924e-08
                ),
                ["Sprint"] = CFrame.new(
                    0.100000001,
                    -0.800000012,
                    -0.300000012,
                    0.49999997,
                    -0.2676166,
                    0.823639154,
                    0,
                    0.95105654,
                    0.309017003,
                    -0.866025448,
                    -0.154508486,
                    0.47552824
                ),
                ["Aim"] = CFrame.new(
                    0.5,
                    0.200000003,
                    -0.800000012,
                    0.994521916,
                    -0.104528464,
                    0,
                    0.104528464,
                    0.994521916,
                    0,
                    0,
                    0,
                    1
                )
            },
            ["Aim"] = {
                ["ScopeSensitivity"] = true,
                ["FOV"] = 0.24,
                ["ScopeGlare"] = true,
                ["Scope"] = "Default",
                ["Attachment"] = "AimAttach",
                ["AimTime"] = 0.2
            },
            ["AltAim"] = {
                ["ScopeSensitivity"] = true,
                ["FOV"] = 0.09999999999999999,
                ["ScopeGlare"] = true,
                ["Scope"] = "Default",
                ["Attachment"] = "AimAttach",
                ["AimTime"] = 0.2
            },
            ["AttachmentSlots"] = {
                ["Optic"] = true,
                ["Stock"] = true,
                ["Ammo"] = true,
                ["Grip"] = true,
                ["Muzzle"] = true,
                ["Barrel"] = true,
                ["Laser"] = true,
                ["Underbarrel"] = true,
                ["Perk"] = true
            },
            ["Reticle"] = {
                ["AimScale"] = 0,
                ["ProneScale"] = 1,
                ["SlideScale"] = 1.2,
                ["VaultScale"] = 2,
                ["CrouchScale"] = 1,
                ["Size"] = 15
            },
            ["Model"] = "ASR-50",
            ["Projectile"] = {
                ["FalloffPercent"] = 0.5,
                ["Template"] = "Paintball_Sniper",
                ["Amount"] = 1,
                ["FalloffEnd"] = 300,
                ["CollatDepth"] = 5,
                ["GravityCorrection"] = 2,
                ["FalloffStart"] = 200
            },
            ["FireModeList"] = {"Semi"},
            ["Recoil"] = {
                ["Default"] = {
                    ["WeaponSnapback"] = 1,
                    ["WeaponMovementAimScale"] = 0.2,
                    ["CameraAimScale"] = 1.6,
                    ["CameraScale"] = 0.3,
                    ["RecoilSpeed"] = 1,
                    ["WeaponScale"] = 1,
                    ["CameraRotation"] = Vector3.new(0, 0, 120),
                    ["WeaponRotation"] = Vector3.new(0, 300, 0),
                    ["WeaponRotationVariance"] = Vector3.new(0, 0, 100),
                    ["RecoilScale"] = 1.5,
                    ["WeaponRotationAimScale"] = 0.2,
                    ["RecoilCrouchScale"] = 1,
                    ["WeaponMovementSpeed"] = 0.8,
                    ["RecoilProneScale"] = 1,
                    ["RecoilRecenter"] = 1,
                    ["RecoilAimScale"] = 0.75,
                    ["RecoilMovement"] = "0, 75",
                    ["WeaponAimScale"] = 1,
                    ["RecoilMovementVariance"] = "10, 10",
                    ["WeaponRotationSpeed"] = 0.5,
                    ["CameraSpeed"] = 2.2,
                    ["RecoilRecenterTime"] = 0.8,
                    ["RecoilMovementTime"] = 0.08,
                    ["WeaponMovement"] = Vector3.new(0, 100, 300),
                    ["CameraRotationVariance"] = Vector3.new(10, 10, 30),
                    ["WeaponMovementVariance"] = Vector3.new(0, 0, 10)
                }
            }
        }
    },
    ["AM-20"] = {
        ["Config"] = {
            ["Handling"] = {
                ["IdleTime"] = 0.3,
                ["SprintTime"] = 0.3,
                ["Speed"] = 0.7,
                ["UnequipTime"] = 0.2,
                ["EquipTime"] = 0.2
            },
            ["Character"] = {
                ["ADSMoveSpeed"] = 0.85,
                ["ProneMoveSpeed"] = 0.9,
                ["MoveSpeed"] = 0.83,
                ["FlinchScale"] = 1,
                ["CrouchMoveSpeed"] = 0.9
            },
            ["FirstPersonOffset"] = {
                ["Unequip"] = CFrame.new(
                    -0.200000003,
                    -2.5999999,
                    -1,
                    -4.37113883e-08,
                    -0.309017003,
                    0.95105654,
                    0,
                    0.95105654,
                    0.309017003,
                    -1,
                    1.35075622e-08,
                    -4.1572001e-08
                ),
                ["Default"] = CFrame.new(
                    0.899999976,
                    -1.20000005,
                    -0.200000003,
                    0.987688363,
                    -0.156434476,
                    0,
                    0.156434476,
                    0.987688363,
                    0,
                    0,
                    0,
                    1
                ),
                ["Crouch"] = CFrame.new(
                    0.899999976,
                    -1.20000005,
                    -0.200000003,
                    0.923879504,
                    -0.382683456,
                    0,
                    0.382683456,
                    0.923879504,
                    0,
                    0,
                    0,
                    1
                ),
                ["Equip"] = CFrame.new(
                    -0.200000003,
                    -2.5999999,
                    -1,
                    -4.37113883e-08,
                    -0.309017003,
                    0.95105654,
                    0,
                    0.95105654,
                    0.309017003,
                    -1,
                    1.35075622e-08,
                    -4.1572001e-08
                ),
                ["Sprint"] = CFrame.new(
                    0.200000003,
                    -1.10000002,
                    -0.5,
                    0.49999997,
                    -0.2676166,
                    0.823639154,
                    0,
                    0.95105654,
                    0.309017003,
                    -0.866025448,
                    -0.154508486,
                    0.47552824
                ),
                ["NoEquipSpring"] = true
            },
            ["Category"] = "Sniper Rifle",
            ["FireModes"] = {["Semi"] = {["FireRate"] = 70}},
            ["MobileManualShoot"] = true,
            ["Damage"] = {["Chest"] = 150, ["SplashDamage"] = 40, ["Base"] = 90, ["Head"] = 200},
            ["Animators"] = {"ImprovedPaintball", "Scope"},
            ["ThirdPersonOffset"] = {
                ["Unequip"] = CFrame.new(
                    -0.5,
                    -2.5,
                    -0.5,
                    -4.37113883e-08,
                    -0.866025448,
                    0.49999997,
                    0,
                    0.49999997,
                    0.866025448,
                    -1,
                    3.78551732e-08,
                    -2.18556924e-08
                ),
                ["Default"] = CFrame.new(0.600000024, -0.400000006, -0.400000006, 1, 0, 0, 0, 1, 0, 0, 0, 1),
                ["Crouch"] = CFrame.new(0.600000024, -0.400000006, -0.400000006, 1, 0, 0, 0, 1, 0, 0, 0, 1),
                ["Equip"] = CFrame.new(
                    -0.5,
                    -2.5,
                    -0.5,
                    -4.37113883e-08,
                    -0.866025448,
                    0.49999997,
                    0,
                    0.49999997,
                    0.866025448,
                    -1,
                    3.78551732e-08,
                    -2.18556924e-08
                ),
                ["Sprint"] = CFrame.new(
                    0.100000001,
                    -0.800000012,
                    -0.300000012,
                    0.49999997,
                    -0.2676166,
                    0.823639154,
                    0,
                    0.95105654,
                    0.309017003,
                    -0.866025448,
                    -0.154508486,
                    0.47552824
                ),
                ["Aim"] = CFrame.new(
                    0.5,
                    0.200000003,
                    -0.800000012,
                    0.994521916,
                    -0.104528464,
                    0,
                    0.104528464,
                    0.994521916,
                    0,
                    0,
                    0,
                    1
                )
            },
            ["Slot"] = "Primary",
            ["Controller"] = "Paintball",
            ["Magazine"] = {["ReloadTime"] = 4.3, ["Mode"] = "Default", ["Size"] = 5},
            ["RecoilKnockback"] = {["Mode"] = "camera", ["Power"] = 45},
            ["Aim"] = {
                ["ScopeSensitivity"] = true,
                ["FOV"] = 0.19999999999999998,
                ["ScopeGlare"] = true,
                ["Scope"] = "Default",
                ["Attachment"] = "AimAttach",
                ["AimTime"] = 0.3
            },
            ["AltAim"] = {
                ["ScopeSensitivity"] = true,
                ["FOV"] = 0.09999999999999999,
                ["ScopeGlare"] = true,
                ["Scope"] = "Default",
                ["Attachment"] = "AimAttach",
                ["AimTime"] = 0.3
            },
            ["AttachmentSlots"] = {
                ["Muzzle"] = true,
                ["Barrel"] = true,
                ["Laser"] = true,
                ["Underbarrel"] = true,
                ["Stock"] = true,
                ["Ammo"] = true,
                ["Perk"] = true,
                ["Grip"] = true
            },
            ["FireModeList"] = {"Semi"},
            ["Model"] = "AM-20",
            ["Projectile"] = {
                ["DamageRadius"] = 15,
                ["Template"] = "Paintball_NTW",
                ["CollatDepth"] = 1,
                ["DamageRadiusMode"] = "Both",
                ["Amount"] = 1,
                ["FalloffPercent"] = 0.8,
                ["GravityCorrection"] = 2,
                ["FalloffEnd"] = 350,
                ["FalloffStart"] = 250
            },
            ["Reticle"] = {
                ["AimScale"] = 0,
                ["ProneScale"] = 1,
                ["SlideScale"] = 1.2,
                ["VaultScale"] = 2,
                ["CrouchScale"] = 1,
                ["Size"] = 15
            },
            ["Recoil"] = {
                ["Default"] = {
                    ["WeaponSnapback"] = 1,
                    ["WeaponMovementAimScale"] = 0.2,
                    ["CameraAimScale"] = 1.6,
                    ["CameraScale"] = 0.3,
                    ["RecoilSpeed"] = 1,
                    ["WeaponScale"] = 1,
                    ["CameraRotation"] = Vector3.new(0, 0, 120),
                    ["WeaponRotation"] = Vector3.new(0, 300, 0),
                    ["WeaponRotationVariance"] = Vector3.new(0, 0, 100),
                    ["RecoilScale"] = 1.5,
                    ["WeaponRotationAimScale"] = 0.2,
                    ["RecoilCrouchScale"] = 0.6,
                    ["WeaponMovementSpeed"] = 0.8,
                    ["RecoilProneScale"] = 0.4,
                    ["RecoilRecenter"] = 1,
                    ["RecoilAimScale"] = 0.75,
                    ["RecoilMovement"] = "0, 75",
                    ["WeaponAimScale"] = 1,
                    ["RecoilMovementVariance"] = "10, 10",
                    ["WeaponRotationSpeed"] = 0.5,
                    ["CameraSpeed"] = 2.2,
                    ["RecoilRecenterTime"] = 0.777,
                    ["RecoilMovementTime"] = 0.08,
                    ["WeaponMovement"] = Vector3.new(0, 100, 300),
                    ["CameraRotationVariance"] = Vector3.new(10, 10, 30),
                    ["WeaponMovementVariance"] = Vector3.new(0, 0, 10)
                }
            }
        }
    },
    ["AWP"] = {
        ["Config"] = {
            ["Handling"] = {
                ["IdleTime"] = 0.25,
                ["SprintTime"] = 0.25,
                ["Speed"] = 0.9,
                ["UnequipTime"] = 0.25,
                ["EquipTime"] = 0.25
            },
            ["Character"] = {["MoveSpeed"] = 0.9, ["FlinchScale"] = 1},
            ["FirstPersonOffset"] = {
                ["Unequip"] = CFrame.new(
                    -0.200000003,
                    -2.5999999,
                    -1,
                    -4.37113883e-08,
                    -0.309017003,
                    0.95105654,
                    0,
                    0.95105654,
                    0.309017003,
                    -1,
                    1.35075622e-08,
                    -4.1572001e-08
                ),
                ["Default"] = CFrame.new(
                    0.899999976,
                    -1.20000005,
                    -0.400000006,
                    0.987688363,
                    -0.156434476,
                    0,
                    0.156434476,
                    0.987688363,
                    0,
                    0,
                    0,
                    1
                ),
                ["Crouch"] = CFrame.new(
                    0.899999976,
                    -1.20000005,
                    -0.400000006,
                    0.923879504,
                    -0.382683456,
                    0,
                    0.382683456,
                    0.923879504,
                    0,
                    0,
                    0,
                    1
                ),
                ["Equip"] = CFrame.new(
                    -0.200000003,
                    -2.5999999,
                    -1,
                    -4.37113883e-08,
                    -0.309017003,
                    0.95105654,
                    0,
                    0.95105654,
                    0.309017003,
                    -1,
                    1.35075622e-08,
                    -4.1572001e-08
                ),
                ["Sprint"] = CFrame.new(0.899999976, -1, -0.5, 1, 0, 0, 0, 1, 0, 0, 0, 1)
            },
            ["Category"] = "Sniper Rifle",
            ["FireModes"] = {["Semi"] = {["FireRate"] = 55}},
            ["MobileManualShoot"] = true,
            ["ShootAnimationMatchROF"] = true,
            ["Animators"] = {"ImprovedPaintball", "Sight"},
            ["Slot"] = "Primary",
            ["Controller"] = "Paintball",
            ["Magazine"] = {["ReloadTime"] = 2.2, ["Mode"] = "Default", ["Size"] = 5},
            ["ThirdPersonOffset"] = {
                ["Unequip"] = CFrame.new(
                    -0.5,
                    -2.5,
                    -0.5,
                    -4.37113883e-08,
                    -0.866025448,
                    0.49999997,
                    0,
                    0.49999997,
                    0.866025448,
                    -1,
                    3.78551732e-08,
                    -2.18556924e-08
                ),
                ["Default"] = CFrame.new(0.600000024, -0.400000006, -0.400000006, 1, 0, 0, 0, 1, 0, 0, 0, 1),
                ["Crouch"] = CFrame.new(0.600000024, -0.400000006, -0.400000006, 1, 0, 0, 0, 1, 0, 0, 0, 1),
                ["Equip"] = CFrame.new(
                    -0.5,
                    -2.5,
                    -0.5,
                    -4.37113883e-08,
                    -0.866025448,
                    0.49999997,
                    0,
                    0.49999997,
                    0.866025448,
                    -1,
                    3.78551732e-08,
                    -2.18556924e-08
                ),
                ["Sprint"] = CFrame.new(
                    0.100000001,
                    -0.800000012,
                    -0.300000012,
                    0.49999997,
                    -0.2676166,
                    0.823639154,
                    0,
                    0.95105654,
                    0.309017003,
                    -0.866025448,
                    -0.154508486,
                    0.47552824
                ),
                ["Aim"] = CFrame.new(
                    0.5,
                    0.200000003,
                    -0.800000012,
                    0.994521916,
                    -0.104528464,
                    0,
                    0.104528464,
                    0.994521916,
                    0,
                    0,
                    0,
                    1
                )
            },
            ["Aim"] = {
                ["ScopeSensitivity"] = true,
                ["FOV"] = 0.24,
                ["ScopeGlare"] = true,
                ["Attachment"] = "AimAttach",
                ["AimTime"] = 0.2
            },
            ["Damage"] = {["Chest"] = 150, ["Base"] = 100, ["Head"] = 300},
            ["AttachmentSlots"] = {
                ["Optic"] = true,
                ["Stock"] = true,
                ["Ammo"] = true,
                ["Grip"] = true,
                ["Muzzle"] = true,
                ["Barrel"] = true,
                ["Laser"] = true,
                ["Underbarrel"] = true,
                ["Perk"] = true
            },
            ["FireModeList"] = {"Semi"},
            ["Model"] = "AWP",
            ["Projectile"] = {
                ["FalloffPercent"] = 0.75,
                ["Template"] = "Paintball_Sniper",
                ["Amount"] = 1,
                ["FalloffEnd"] = 120,
                ["CollatDepth"] = 3,
                ["GravityCorrection"] = 2,
                ["FalloffStart"] = 100
            },
            ["Reticle"] = {
                ["AimScale"] = 0,
                ["ProneScale"] = 1,
                ["SlideScale"] = 1.2,
                ["VaultScale"] = 2,
                ["CrouchScale"] = 1,
                ["Size"] = 20
            },
            ["Recoil"] = {
                ["Default"] = {
                    ["WeaponSnapback"] = 1,
                    ["WeaponMovementAimScale"] = 0.2,
                    ["CameraAimScale"] = 1.6,
                    ["CameraScale"] = 0.3,
                    ["RecoilSpeed"] = 1,
                    ["WeaponScale"] = 1,
                    ["CameraRotation"] = Vector3.new(0, 0, 120),
                    ["WeaponRotation"] = Vector3.new(0, 300, 0),
                    ["WeaponRotationVariance"] = Vector3.new(0, 0, 100),
                    ["RecoilScale"] = 1.5,
                    ["WeaponRotationAimScale"] = 0.2,
                    ["RecoilCrouchScale"] = 1,
                    ["WeaponMovementSpeed"] = 0.8,
                    ["RecoilProneScale"] = 1,
                    ["RecoilRecenter"] = 1,
                    ["RecoilAimScale"] = 0.75,
                    ["RecoilMovement"] = "0, 90",
                    ["WeaponAimScale"] = 1,
                    ["RecoilMovementVariance"] = "10, 10",
                    ["WeaponRotationSpeed"] = 0.5,
                    ["CameraSpeed"] = 2.2,
                    ["RecoilRecenterTime"] = 0.8,
                    ["RecoilMovementTime"] = 0.08,
                    ["WeaponMovement"] = Vector3.new(0, 100, 300),
                    ["CameraRotationVariance"] = Vector3.new(10, 10, 30),
                    ["WeaponMovementVariance"] = Vector3.new(0, 0, 10)
                }
            }
        }
    },
    ["Iris"] = {
        ["Config"] = {
            ["Handling"] = {
                ["IdleTime"] = 0.14,
                ["SprintTime"] = 0.14,
                ["Speed"] = 0.6,
                ["UnequipTime"] = 0.17,
                ["EquipTime"] = 0.17
            },
            ["Character"] = {
                ["ADSMoveSpeed"] = 1.43,
                ["ProneMoveSpeed"] = 1,
                ["MoveSpeed"] = 0.88,
                ["FlinchScale"] = 1,
                ["CrouchMoveSpeed"] = 1
            },
            ["FirstPersonOffset"] = {
                ["Unequip"] = CFrame.new(
                    -0.200000003,
                    -2.5999999,
                    -1,
                    -4.37113883e-08,
                    -0.309017003,
                    0.95105654,
                    0,
                    0.95105654,
                    0.309017003,
                    -1,
                    1.35075622e-08,
                    -4.1572001e-08
                ),
                ["Default"] = CFrame.new(
                    0.75,
                    -1,
                    -0.800000012,
                    0.987688363,
                    -0.156434476,
                    0,
                    0.156434476,
                    0.987688363,
                    0,
                    0,
                    0,
                    1
                ),
                ["Crouch"] = CFrame.new(
                    0.649999976,
                    -1,
                    -0.699999988,
                    0.923879504,
                    -0.382683456,
                    0,
                    0.382683456,
                    0.923879504,
                    0,
                    0,
                    0,
                    1
                ),
                ["Equip"] = CFrame.new(
                    -0.200000003,
                    -2.5999999,
                    -1,
                    -4.37113883e-08,
                    -0.309017003,
                    0.95105654,
                    0,
                    0.95105654,
                    0.309017003,
                    -1,
                    1.35075622e-08,
                    -4.1572001e-08
                ),
                ["Sprint"] = CFrame.new(
                    0.200000003,
                    -1.10000002,
                    -0.5,
                    0.49999997,
                    -0.2676166,
                    0.823639154,
                    0,
                    0.95105654,
                    0.309017003,
                    -0.866025448,
                    -0.154508486,
                    0.47552824
                )
            },
            ["Category"] = "Sniper Rifle",
            ["FireModes"] = {
                ["Semi-Burst"] = {["BurstAmount"] = 3, ["BurstRate"] = 650, ["FireRate"] = 100},
                ["Semi"] = {["FireRate"] = 165}
            },
            ["MobileManualShoot"] = true,
            ["Damage"] = {["Chest"] = 110, ["Base"] = 85, ["Head"] = 180},
            ["Animators"] = {"ImprovedPaintball", "Scope"},
            ["Slot"] = "Primary",
            ["Controller"] = "Paintball",
            ["Magazine"] = {["ReloadTime"] = 2.1, ["Mode"] = "Default", ["Size"] = 6},
            ["ThirdPersonOffset"] = {
                ["Unequip"] = CFrame.new(
                    -0.5,
                    -2.5,
                    -0.5,
                    -4.37113883e-08,
                    -0.866025448,
                    0.49999997,
                    0,
                    0.49999997,
                    0.866025448,
                    -1,
                    3.78551732e-08,
                    -2.18556924e-08
                ),
                ["Default"] = CFrame.new(0.600000024, -0.400000006, 0, 1, 0, 0, 0, 1, 0, 0, 0, 1),
                ["Crouch"] = CFrame.new(0.600000024, -0.400000006, 0, 1, 0, 0, 0, 1, 0, 0, 0, 1),
                ["Equip"] = CFrame.new(
                    -0.5,
                    -2.5,
                    -0.5,
                    -4.37113883e-08,
                    -0.866025448,
                    0.49999997,
                    0,
                    0.49999997,
                    0.866025448,
                    -1,
                    3.78551732e-08,
                    -2.18556924e-08
                ),
                ["Sprint"] = CFrame.new(
                    0.100000001,
                    -0.800000012,
                    -0.300000012,
                    0.49999997,
                    -0.2676166,
                    0.823639154,
                    0,
                    0.95105654,
                    0.309017003,
                    -0.866025448,
                    -0.154508486,
                    0.47552824
                ),
                ["Aim"] = CFrame.new(
                    0.5,
                    0.200000003,
                    -0.5,
                    0.994521916,
                    -0.104528464,
                    0,
                    0.104528464,
                    0.994521916,
                    0,
                    0,
                    0,
                    1
                )
            },
            ["Aim"] = {["Scope"] = "Iris", ["Attachment"] = "AimAttach", ["AimTime"] = 0.2, ["FOV"] = 0.24},
            ["Reticle"] = {
                ["AimScale"] = 0,
                ["ProneScale"] = 0.85,
                ["SlideScale"] = 1.2,
                ["VaultScale"] = 2,
                ["CrouchScale"] = 0.85,
                ["Size"] = 8
            },
            ["AttachmentSlots"] = {
                ["Optic"] = true,
                ["Stock"] = true,
                ["Ammo"] = true,
                ["Grip"] = true,
                ["Muzzle"] = true,
                ["Barrel"] = true,
                ["Laser"] = true,
                ["Underbarrel"] = true,
                ["Perk"] = true
            },
            ["FireModeList"] = {"Semi"},
            ["Model"] = "Iris",
            ["Projectile"] = {
                ["FalloffPercent"] = 0.85,
                ["Template"] = "Paintball_SlowSniper",
                ["Amount"] = 1,
                ["FalloffEnd"] = 300,
                ["CollatDepth"] = 3,
                ["GravityCorrection"] = 2,
                ["FalloffStart"] = 200
            },
            ["ReticleBloom"] = {["Gain"] = 1.15, ["MinDuration"] = 0.25, ["MaxDuration"] = 0.85, ["Size"] = 10},
            ["Recoil"] = {
                ["Default"] = {
                    ["WeaponSnapback"] = 1,
                    ["WeaponMovementAimScale"] = 0.75,
                    ["CameraAimScale"] = 1.5,
                    ["CameraScale"] = 0.3,
                    ["RecoilSpeed"] = 1,
                    ["WeaponScale"] = 1,
                    ["CameraRotation"] = Vector3.new(0, 0, -78),
                    ["WeaponRotation"] = Vector3.new(0, 200, 0),
                    ["WeaponRotationVariance"] = Vector3.new(0, 0, 100),
                    ["RecoilScale"] = 1.5,
                    ["WeaponRotationAimScale"] = 0.35,
                    ["RecoilCrouchScale"] = 0.9,
                    ["WeaponMovementSpeed"] = 0.8,
                    ["RecoilProneScale"] = 0.9,
                    ["RecoilRecenter"] = 1,
                    ["RecoilAimScale"] = 0.25,
                    ["RecoilMovement"] = "15, 35",
                    ["WeaponAimScale"] = 1,
                    ["RecoilMovementVariance"] = "5, 3.5",
                    ["WeaponRotationSpeed"] = 0.5,
                    ["CameraSpeed"] = 2.2,
                    ["RecoilRecenterTime"] = 0.35,
                    ["RecoilMovementTime"] = 0.15,
                    ["WeaponMovement"] = Vector3.new(0, 0, 250),
                    ["CameraRotationVariance"] = Vector3.new(5, 5, 25),
                    ["WeaponMovementVariance"] = Vector3.new(0, 0, 50)
                },
                ["Semi-Burst"] = {
                    ["WeaponSnapback"] = 1,
                    ["WeaponMovementAimScale"] = 0.5,
                    ["CameraAimScale"] = 1.5,
                    ["CameraScale"] = 0.3,
                    ["RecoilSpeed"] = 1.15,
                    ["WeaponScale"] = 1,
                    ["CameraRotation"] = Vector3.new(0, 0, -15),
                    ["WeaponRotation"] = Vector3.new(0, 150, 0),
                    ["WeaponRotationVariance"] = Vector3.new(0, 0, 75),
                    ["RecoilScale"] = 1.25,
                    ["WeaponRotationAimScale"] = 0.25,
                    ["RecoilCrouchScale"] = 0.85,
                    ["WeaponMovementSpeed"] = 1.35,
                    ["RecoilProneScale"] = 0.85,
                    ["RecoilRecenter"] = 1,
                    ["RecoilAimScale"] = 0.25,
                    ["RecoilMovement"] = "7.5, 17",
                    ["WeaponAimScale"] = 0.75,
                    ["RecoilMovementVariance"] = "5, 3.5",
                    ["WeaponRotationSpeed"] = 0.75,
                    ["CameraSpeed"] = 2.2,
                    ["RecoilRecenterTime"] = 0.35,
