data = {
    ["Crossbow"] = {
        ["Config"] = {
            ["Handling"] = {
                ["IdleTime"] = 0.2,
                ["SprintTime"] = 0.2,
                ["Speed"] = 0.8,
                ["UnequipTime"] = 0.2,
                ["EquipTime"] = 0.2
            },
            ["Character"] = {["MoveSpeed"] = 0.95, ["TorsoTwist"] = 8},
            ["FirstPersonOffset"] = {
                ["Unequip"] = CFrame.new(
                    -0.200000003,
                    -2.5999999,
                    -1,
                    -4.37113883e-08,
                    -0.309017003,
                    0.95105654,
                    0,
                    0.95105654,
                    0.309017003,
                    -1,
                    1.35075622e-08,
                    -4.1572001e-08
                ),
                ["Default"] = CFrame.new(
                    0.699999988,
                    -0.899999976,
                    -0.300000012,
                    0.987688363,
                    -0.156434476,
                    0,
                    0.156434476,
                    0.987688363,
                    0,
                    0,
                    0,
                    1
                ),
                ["Crouch"] = CFrame.new(
                    0.600000024,
                    -0.899999976,
                    -0.300000012,
                    0.978147626,
                    -0.2079117,
                    0,
                    0.2079117,
                    0.978147626,
                    0,
                    0,
                    0,
                    1
                ),
                ["Equip"] = CFrame.new(
                    -0.200000003,
                    -2.5999999,
                    -1,
                    -4.37113883e-08,
                    -0.309017003,
                    0.95105654,
                    0,
                    0.95105654,
                    0.309017003,
                    -1,
                    1.35075622e-08,
                    -4.1572001e-08
                ),
                ["Sprint"] = CFrame.new(
                    0.300000012,
                    -0.899999976,
                    -0.5,
                    0.707106769,
                    -0.21850802,
                    0.672498524,
                    0,
                    0.95105654,
                    0.309017003,
                    -0.707106769,
                    -0.21850802,
                    0.672498524
                )
            },
            ["Category"] = "Special",
            ["FireModes"] = {["Semi"] = {["FireRate"] = 180}},
            ["Damage"] = {["Chest"] = 150, ["Base"] = 100, ["Head"] = 250},
            ["Animators"] = {"Paintball"},
            ["Slot"] = "Primary",
            ["Controller"] = "Paintball",
            ["Magazine"] = {["ReloadTime"] = 1.4, ["Mode"] = "Default", ["Size"] = 1},
            ["Aim"] = {["Attachment"] = "AimAttach", ["AimTime"] = 0.2, ["FOV"] = 0.6},
            ["ThirdPersonOffset"] = {
                ["Unequip"] = CFrame.new(
                    -0.5,
                    -2.5,
                    -0.5,
                    -4.37113883e-08,
                    -0.866025448,
                    0.49999997,
                    0,
                    0.49999997,
                    0.866025448,
                    -1,
                    3.78551732e-08,
                    -2.18556924e-08
                ),
                ["Default"] = CFrame.new(0.600000024, -0.400000006, -0.400000006, 1, 0, 0, 0, 1, 0, 0, 0, 1),
                ["Crouch"] = CFrame.new(0.600000024, -0.400000006, -0.400000006, 1, 0, 0, 0, 1, 0, 0, 0, 1),
                ["Equip"] = CFrame.new(
                    -0.5,
                    -2.5,
                    -0.5,
                    -4.37113883e-08,
                    -0.866025448,
                    0.49999997,
                    0,
                    0.49999997,
                    0.866025448,
                    -1,
                    3.78551732e-08,
                    -2.18556924e-08
                ),
                ["Sprint"] = CFrame.new(
                    0.100000001,
                    -0.800000012,
                    -0.300000012,
                    0.49999997,
                    -0.2676166,
                    0.823639154,
                    0,
                    0.95105654,
                    0.309017003,
                    -0.866025448,
                    -0.154508486,
                    0.47552824
                ),
                ["Aim"] = CFrame.new(
                    0.5,
                    0.200000003,
                    -0.800000012,
                    0.994521916,
                    -0.104528464,
                    0,
                    0.104528464,
                    0.994521916,
                    0,
                    0,
                    0,
                    1
                )
            },
            ["AttachmentSlots"] = {["Perk"] = true, ["Optic"] = true, ["Laser"] = true, ["Grip"] = true},
            ["Reticle"] = {
                ["AimScale"] = 0,
                ["ProneScale"] = 1,
                ["SlideScale"] = 1.2,
                ["VaultScale"] = 2,
                ["CrouchScale"] = 1,
                ["Size"] = 3.5
            },
            ["Model"] = "Crossbow",
            ["Projectile"] = {
                ["Template"] = "Bolt",
                ["CollatDepth"] = 2,
                ["Silenced"] = true,
                ["FalloffPercent"] = 0.5,
                ["Amount"] = 1,
                ["FalloffEnd"] = 300,
                ["GravityCorrection"] = 2,
                ["CollatDamageMultipler"] = 1,
                ["FalloffStart"] = 100
            },
            ["FireModeList"] = {"Semi"},
            ["Recoil"] = {
                ["Default"] = {
                    ["WeaponSnapback"] = 1,
                    ["WeaponMovementAimScale"] = 1,
                    ["CameraAimScale"] = 1.2,
                    ["CameraScale"] = 0.4,
                    ["RecoilSpeed"] = 1,
                    ["WeaponScale"] = 1,
                    ["CameraRotation"] = Vector3.new(0, 0, 50),
                    ["WeaponRotation"] = Vector3.new(0, 100, 0),
                    ["WeaponRotationVariance"] = Vector3.new(0, 0, 50),
                    ["RecoilScale"] = 1.5,
                    ["WeaponRotationAimScale"] = 0.5,
                    ["RecoilCrouchScale"] = 1,
                    ["WeaponMovementSpeed"] = 1,
                    ["RecoilProneScale"] = 1,
                    ["RecoilRecenter"] = 1,
                    ["RecoilAimScale"] = 0.75,
                    ["RecoilMovement"] = "0, 25",
                    ["WeaponAimScale"] = 1,
                    ["RecoilMovementVariance"] = "10, 0",
                    ["WeaponRotationSpeed"] = 0.7,
                    ["CameraSpeed"] = 2.5,
                    ["RecoilRecenterTime"] = 0.3,
                    ["RecoilMovementTime"] = 0.05,
                    ["WeaponMovement"] = Vector3.new(0, 0, 200),
                    ["CameraRotationVariance"] = Vector3.new(10, 10, 10),
                    ["WeaponMovementVariance"] = Vector3.new(0, 0, 0)
                }
            }
        }
    },
    ["Nail Gun"] = {
        ["Config"] = {
            ["Handling"] = {
                ["IdleTime"] = 0.2,
                ["SprintTime"] = 0.2,
                ["Speed"] = 0.99,
                ["UnequipTime"] = 0.2,
                ["EquipTime"] = 0.2
            },
            ["Character"] = {["MoveSpeed"] = 1, ["ADSMoveSpeed"] = 1.1, ["TorsoTwist"] = 3},
            ["FirstPersonOffset"] = {
                ["Unequip"] = CFrame.new(
                    -0.200000003,
                    -2.5999999,
                    -1,
                    -4.37113883e-08,
                    -0.309017003,
                    0.95105654,
                    0,
                    0.95105654,
                    0.309017003,
                    -1,
                    1.35075622e-08,
                    -4.1572001e-08
                ),
                ["Default"] = CFrame.new(
                    0.800000012,
                    -1.20000005,
                    -1.29999995,
                    0.987688363,
                    -0.156434476,
                    0,
                    0.156434476,
                    0.987688363,
                    0,
                    0,
                    0,
                    1
                ),
                ["Crouch"] = CFrame.new(
                    0.699999988,
                    -1.20000005,
                    -1.29999995,
                    0.866025388,
                    -0.5,
                    0,
                    0.5,
                    0.866025388,
                    0,
                    0,
                    0,
                    1
                ),
                ["Equip"] = CFrame.new(
                    -0.200000003,
                    -2.5999999,
                    -1,
                    -4.37113883e-08,
                    -0.309017003,
                    0.95105654,
                    0,
                    0.95105654,
                    0.309017003,
                    -1,
                    1.35075622e-08,
                    -4.1572001e-08
                ),
                ["Sprint"] = CFrame.new(
                    0,
                    -1.10000002,
                    -0.800000012,
                    0.426353693,
                    0.214886561,
                    0.878661633,
                    0.359775603,
                    0.850949347,
                    -0.382683456,
                    -0.829930186,
                    0.479279548,
                    0.285494447
                )
            },
            ["Category"] = "Special",
            ["FireModes"] = {["Auto"] = {["FireRate"] = 500}},
            ["Damage"] = {["Chest"] = 45, ["Base"] = 35, ["Head"] = 70},
            ["Animators"] = {"ImprovedPaintball"},
            ["Slot"] = "Primary",
            ["Controller"] = "Paintball",
            ["Magazine"] = {["ReloadTime"] = 1.8, ["Mode"] = "Default", ["Size"] = 20},
            ["Aim"] = {["Attachment"] = "AimAttach", ["AimTime"] = 0.2, ["FOV"] = 0.6},
            ["ThirdPersonOffset"] = {
                ["Unequip"] = CFrame.new(
                    -0.5,
                    -2.5,
                    -0.5,
                    -4.37113883e-08,
                    -0.866025448,
                    0.49999997,
                    0,
                    0.49999997,
                    0.866025448,
                    -1,
                    3.78551732e-08,
                    -2.18556924e-08
                ),
                ["Default"] = CFrame.new(0.5, -0.200000003, -1.29999995, 1, 0, 0, 0, 1, 0, 0, 0, 1),
                ["Crouch"] = CFrame.new(0.5, -0.200000003, -1.29999995, 1, 0, 0, 0, 1, 0, 0, 0, 1),
                ["Equip"] = CFrame.new(
                    -0.5,
                    -2.5,
                    -0.5,
                    -4.37113883e-08,
                    -0.866025448,
                    0.49999997,
                    0,
                    0.49999997,
                    0.866025448,
                    -1,
                    3.78551732e-08,
                    -2.18556924e-08
                ),
                ["Sprint"] = CFrame.new(
                    0.699999988,
                    0.5,
                    -0.200000003,
                    1,
                    0,
                    0,
                    0,
                    -4.37113883e-08,
                    -1,
                    0,
                    1,
                    -4.37113883e-08
                ),
                ["Aim"] = CFrame.new(
                    0.300000012,
                    -0.100000001,
                    -1.29999995,
                    0.994521916,
                    -0.104528464,
                    0,
                    0.104528464,
                    0.994521916,
                    0,
                    0,
                    0,
                    1
                )
            },
            ["AttachmentSlots"] = {
                ["Optic"] = true,
                ["Stock"] = true,
                ["Ammo"] = true,
                ["Grip"] = true,
                ["Muzzle"] = true,
                ["Barrel"] = true,
                ["Laser"] = true,
                ["Underbarrel"] = false,
                ["Perk"] = true
            },
            ["Reticle"] = {
                ["AimScale"] = 0,
                ["ProneScale"] = 1,
                ["SlideScale"] = 1.2,
                ["VaultScale"] = 2,
                ["CrouchScale"] = 1,
                ["Size"] = 7
            },
            ["Model"] = "Nail Gun",
            ["Projectile"] = {
                ["FalloffPercent"] = 0.55,
                ["FalloffEnd"] = 200,
                ["Template"] = "NailGun",
                ["Amount"] = 1,
                ["CollatDamageMultiplier"] = 0.3,
                ["CollatDepth"] = 2,
                ["GravityCorrection"] = 2,
                ["FalloffStart"] = 125
            },
            ["FireModeList"] = {"Auto"},
            ["Recoil"] = {
                ["Default"] = {
                    ["WeaponSnapback"] = 1,
                    ["WeaponMovementAimScale"] = 0.8,
                    ["CameraAimScale"] = 1,
                    ["CameraScale"] = 0.4,
                    ["RecoilSpeed"] = 1,
                    ["WeaponScale"] = 1,
                    ["CameraRotation"] = Vector3.new(0, 0, 11),
                    ["WeaponRotation"] = Vector3.new(0, 35, 0),
                    ["WeaponRotationVariance"] = Vector3.new(0, 10, 10),
                    ["RecoilScale"] = 1,
                    ["WeaponRotationAimScale"] = 0.2,
                    ["RecoilCrouchScale"] = 1,
                    ["WeaponMovementSpeed"] = 2,
                    ["RecoilProneScale"] = 1,
                    ["RecoilRecenter"] = 0.8,
                    ["RecoilAimScale"] = 0.75,
                    ["RecoilMovement"] = "-1.5, 4.80000019",
                    ["WeaponAimScale"] = 1,
                    ["RecoilMovementVariance"] = "4.80000019, 3",
                    ["WeaponRotationSpeed"] = 1,
                    ["CameraSpeed"] = 3,
                    ["RecoilRecenterTime"] = 0.1,
                    ["RecoilMovementTime"] = 0.05,
                    ["WeaponMovement"] = Vector3.new(0, 0, 90),
                    ["CameraRotationVariance"] = Vector3.new(4, 4, 5),
                    ["WeaponMovementVariance"] = Vector3.new(0, 0, 30)
                }
            }
        }
    },
    ["Recoil knockback"] = {
        ["Config"] = {
            ["Handling"] = {
                ["IdleTime"] = 0.25,
                ["SprintTime"] = 0.25,
                ["Speed"] = 0.75,
                ["UnequipTime"] = 0.25,
                ["EquipTime"] = 0.25
            },
            ["Character"] = {["MoveSpeed"] = 0.85, ["FlinchScale"] = 1},
            ["FirstPersonOffset"] = {
                ["Unequip"] = CFrame.new(
                    -0.200000003,
                    -2.5999999,
                    -1,
                    -4.37113883e-08,
                    -0.309017003,
                    0.95105654,
                    0,
                    0.95105654,
                    0.309017003,
                    -1,
                    1.35075622e-08,
                    -4.1572001e-08
                ),
                ["Default"] = CFrame.new(
                    0.899999976,
                    -1.20000005,
                    -0.200000003,
                    0.987688363,
                    -0.156434476,
                    0,
                    0.156434476,
                    0.987688363,
                    0,
                    0,
                    0,
                    1
                ),
                ["Crouch"] = CFrame.new(
                    0.899999976,
                    -1.20000005,
                    -0.200000003,
                    0.923879504,
                    -0.382683456,
                    0,
                    0.382683456,
                    0.923879504,
                    0,
                    0,
                    0,
                    1
                ),
                ["Equip"] = CFrame.new(
                    -0.200000003,
                    -2.5999999,
                    -1,
                    -4.37113883e-08,
                    -0.309017003,
                    0.95105654,
                    0,
                    0.95105654,
                    0.309017003,
                    -1,
                    1.35075622e-08,
                    -4.1572001e-08
                ),
                ["Sprint"] = CFrame.new(
                    0.200000003,
                    -1.10000002,
                    -0.5,
                    0.49999997,
                    -0.2676166,
                    0.823639154,
                    0,
                    0.95105654,
                    0.309017003,
                    -0.866025448,
                    -0.154508486,
                    0.47552824
                )
            },
            ["Category"] = "Sniper Rifle",
            ["FireModes"] = {["Semi"] = {["FireRate"] = 90}},
            ["MobileManualShoot"] = true,
            ["Damage"] = {["Chest"] = 150, ["Base"] = 100, ["Head"] = 300},
            ["Animators"] = {"ImprovedPaintball", "Scope"},
            ["ThirdPersonOffset"] = {
                ["Unequip"] = CFrame.new(
                    -0.5,
                    -2.5,
                    -0.5,
                    -4.37113883e-08,
                    -0.866025448,
                    0.49999997,
                    0,
                    0.49999997,
                    0.866025448,
                    -1,
                    3.78551732e-08,
                    -2.18556924e-08
                ),
                ["Default"] = CFrame.new(0.600000024, -0.400000006, -0.400000006, 1, 0, 0, 0, 1, 0, 0, 0, 1),
                ["Crouch"] = CFrame.new(0.600000024, -0.400000006, -0.400000006, 1, 0, 0, 0, 1, 0, 0, 0, 1),
                ["Equip"] = CFrame.new(
                    -0.5,
                    -2.5,
                    -0.5,
                    -4.37113883e-08,
                    -0.866025448,
                    0.49999997,
                    0,
                    0.49999997,
                    0.866025448,
                    -1,
                    3.78551732e-08,
                    -2.18556924e-08
                ),
                ["Sprint"] = CFrame.new(
                    0.100000001,
                    -0.800000012,
                    -0.300000012,
                    0.49999997,
                    -0.2676166,
                    0.823639154,
                    0,
                    0.95105654,
                    0.309017003,
                    -0.866025448,
                    -0.154508486,
                    0.47552824
                ),
                ["Aim"] = CFrame.new(
                    0.5,
                    0.200000003,
                    -0.800000012,
                    0.994521916,
                    -0.104528464,
                    0,
                    0.104528464,
                    0.994521916,
                    0,
                    0,
                    0,
                    1
                )
            },
            ["Slot"] = "Primary",
            ["Controller"] = "Paintball",
            ["Magazine"] = {["ReloadTime"] = 2.4, ["Mode"] = "Default", ["Size"] = 5},
            ["RecoilKnockback"] = {["Mode"] = "camera", ["Power"] = 35},
            ["Aim"] = {
                ["ScopeSensitivity"] = true,
                ["FOV"] = 0.24,
                ["ScopeGlare"] = true,
                ["Scope"] = "Default",
                ["Attachment"] = "AimAttach",
                ["AimTime"] = 0.2
            },
            ["AltAim"] = {
                ["ScopeSensitivity"] = true,
                ["FOV"] = 0.09999999999999999,
                ["ScopeGlare"] = true,
                ["Scope"] = "Default",
                ["Attachment"] = "AimAttach",
                ["AimTime"] = 0.2
            },
            ["AttachmentSlots"] = {
                ["Optic"] = true,
                ["Stock"] = true,
                ["Ammo"] = true,
                ["Grip"] = true,
                ["Muzzle"] = true,
                ["Barrel"] = true,
                ["Laser"] = true,
                ["Underbarrel"] = true,
                ["Perk"] = true
            },
            ["FireModeList"] = {"Semi"},
            ["Model"] = "Recoil knockback",
            ["Projectile"] = {
                ["FalloffPercent"] = 0.5,
                ["DamageRadius"] = 10,
                ["Template"] = "Paintball_NTW",
                ["Amount"] = 1,
                ["FalloffEnd"] = 300,
                ["CollatDepth"] = 5,
                ["GravityCorrection"] = 2,
                ["FalloffStart"] = 200
            },
            ["Reticle"] = {
                ["AimScale"] = 0,
                ["ProneScale"] = 1,
                ["SlideScale"] = 1.2,
                ["VaultScale"] = 2,
                ["CrouchScale"] = 1,
                ["Size"] = 15
            },
            ["Recoil"] = {
                ["Default"] = {
                    ["WeaponSnapback"] = 1,
                    ["WeaponMovementAimScale"] = 0.2,
                    ["CameraAimScale"] = 1.6,
                    ["CameraScale"] = 0.3,
                    ["RecoilSpeed"] = 1,
                    ["WeaponScale"] = 1,
                    ["CameraRotation"] = Vector3.new(0, 0, 120),
                    ["WeaponRotation"] = Vector3.new(0, 300, 0),
                    ["WeaponRotationVariance"] = Vector3.new(0, 0, 100),
                    ["RecoilScale"] = 1.5,
                    ["WeaponRotationAimScale"] = 0.2,
                    ["RecoilCrouchScale"] = 1,
                    ["WeaponMovementSpeed"] = 0.8,
                    ["RecoilProneScale"] = 1,
                    ["RecoilRecenter"] = 1,
                    ["RecoilAimScale"] = 0.75,
                    ["RecoilMovement"] = "0, 75",
                    ["WeaponAimScale"] = 1,
                    ["RecoilMovementVariance"] = "10, 10",
                    ["WeaponRotationSpeed"] = 0.5,
                    ["CameraSpeed"] = 2.2,
                    ["RecoilRecenterTime"] = 0.8,
                    ["RecoilMovementTime"] = 0.08,
                    ["WeaponMovement"] = Vector3.new(0, 100, 300),
                    ["CameraRotationVariance"] = Vector3.new(10, 10, 30),
                    ["WeaponMovementVariance"] = Vector3.new(0, 0, 10)
                }
            }
        }
    },
    ["Raygun"] = {
        ["Config"] = {
            ["Handling"] = {
                ["IdleTime"] = 0.2,
                ["SprintTime"] = 0.2,
                ["Speed"] = 1,
                ["UnequipTime"] = 0.2,
                ["EquipTime"] = 0.2
            },
            ["Character"] = {["MoveSpeed"] = 1, ["TorsoTwist"] = 3},
            ["FirstPersonOffset"] = {
                ["Unequip"] = CFrame.new(
                    -0.200000003,
                    -2.5999999,
                    -1,
                    -4.37113883e-08,
                    -0.309017003,
                    0.95105654,
                    0,
                    0.95105654,
                    0.309017003,
                    -1,
                    1.35075622e-08,
                    -4.1572001e-08
                ),
                ["Default"] = CFrame.new(
                    0.800000012,
                    -1.29999995,
                    -1.29999995,
                    0.987688363,
                    -0.156434476,
                    0,
                    0.156434476,
                    0.987688363,
                    0,
                    0,
                    0,
                    1
                ),
                ["Crouch"] = CFrame.new(
                    0.800000012,
                    -1.29999995,
                    -1.29999995,
                    0.923879504,
                    -0.382683456,
                    0,
                    0.382683456,
                    0.923879504,
                    0,
                    0,
                    0,
                    1
                ),
                ["Equip"] = CFrame.new(
                    -0.200000003,
                    -2.5999999,
                    -1,
                    -4.37113883e-08,
                    -0.309017003,
                    0.95105654,
                    0,
                    0.95105654,
                    0.309017003,
                    -1,
                    1.35075622e-08,
                    -4.1572001e-08
                ),
                ["Sprint"] = CFrame.new(
                    1.29999995,
                    -1,
                    -1.20000005,
                    1,
                    0,
                    0,
                    0,
                    0.142314866,
                    -0.989821434,
                    0,
                    0.989821434,
                    0.142314866
                )
            },
            ["Category"] = "Special",
            ["FireModes"] = {
                ["Burst"] = {["BurstAmount"] = 5, ["BurstRate"] = 1200, ["FireRate"] = 400},
                ["Auto"] = {["FireRate"] = 540},
                ["Semi"] = {["FireRate"] = 100}
            },
            ["Damage"] = {["Chest"] = 40, ["Base"] = 40, ["Head"] = 60},
            ["Animators"] = {"Paintball", "Raygun"},
            ["Slot"] = "Primary",
            ["Controller"] = "Paintball",
            ["Magazine"] = {["ReloadTime"] = 2, ["Mode"] = "Default", ["Size"] = 30},
            ["Aim"] = {["Attachment"] = "AimAttach", ["AimTime"] = 0.2, ["FOV"] = 0.7},
            ["ThirdPersonOffset"] = {
                ["Unequip"] = CFrame.new(
                    -0.5,
                    -2.5,
                    -0.5,
                    -4.37113883e-08,
                    -0.866025448,
                    0.49999997,
                    0,
                    0.49999997,
                    0.866025448,
                    -1,
                    3.78551732e-08,
                    -2.18556924e-08
                ),
                ["Default"] = CFrame.new(0.200000003, 0.200000003, -1.70000005, 1, 0, 0, 0, 1, 0, 0, 0, 1),
                ["Crouch"] = CFrame.new(0.200000003, 0.200000003, -1.70000005, 1, 0, 0, 0, 1, 0, 0, 0, 1),
                ["Equip"] = CFrame.new(
                    -0.5,
                    -2.5,
                    -0.5,
                    -4.37113883e-08,
                    -0.866025448,
                    0.49999997,
                    0,
                    0.49999997,
                    0.866025448,
                    -1,
                    3.78551732e-08,
                    -2.18556924e-08
                ),
                ["Sprint"] = CFrame.new(
                    0.699999988,
                    0.5,
                    -0.200000003,
                    1,
                    0,
                    0,
                    0,
                    -4.37113883e-08,
                    -1,
                    0,
                    1,
                    -4.37113883e-08
                ),
                ["Aim"] = CFrame.new(
                    0.100000001,
                    0.400000006,
                    -1.5,
                    0.994521916,
                    -0.104528464,
                    0,
                    0.104528464,
                    0.994521916,
                    0,
                    0,
                    0,
                    1
                )
            },
            ["AttachmentSlots"] = {
                ["Muzzle"] = true,
                ["Barrel"] = true,
                ["Stock"] = true,
                ["Optic"] = true,
                ["Ammo"] = true,
                ["Perk"] = true,
                ["Grip"] = true
            },
            ["Reticle"] = {
                ["AimScale"] = 0,
                ["ProneScale"] = 1,
                ["SlideScale"] = 1.2,
                ["VaultScale"] = 2,
                ["CrouchScale"] = 1,
                ["Size"] = 5
            },
            ["Model"] = "Raygun",
            ["Projectile"] = {
                ["FalloffPercent"] = 0.3,
                ["FalloffEnd"] = 300,
                ["Template"] = "Laser",
                ["Amount"] = 1,
                ["CollatDamageMultiplier"] = 0.45,
                ["CollatDepth"] = 3,
                ["GravityCorrection"] = 2,
                ["FalloffStart"] = 100
            },
            ["FireModeList"] = {"Auto"},
            ["Recoil"] = {
                ["Default"] = {
                    ["WeaponSnapback"] = 1,
                    ["WeaponMovementAimScale"] = 0.8,
                    ["CameraAimScale"] = 1.2,
                    ["CameraScale"] = 0.4,
                    ["RecoilSpeed"] = 1,
                    ["WeaponScale"] = 1,
                    ["CameraRotation"] = Vector3.new(0, 0, 6),
                    ["WeaponRotation"] = Vector3.new(0, 40, 0),
                    ["WeaponRotationVariance"] = Vector3.new(0, 0, 10),
                    ["RecoilScale"] = 1,
                    ["WeaponRotationAimScale"] = 0.2,
                    ["RecoilCrouchScale"] = 1,
                    ["WeaponMovementSpeed"] = 2,
                    ["RecoilProneScale"] = 1,
                    ["RecoilRecenter"] = 0.8,
                    ["RecoilAimScale"] = 0.75,
                    ["RecoilMovement"] = "-0.5, 7",
                    ["WeaponAimScale"] = 1,
                    ["RecoilMovementVariance"] = "4, 1",
                    ["WeaponRotationSpeed"] = 1,
                    ["CameraSpeed"] = 3,
                    ["RecoilRecenterTime"] = 0.1,
                    ["RecoilMovementTime"] = 0.06,
                    ["WeaponMovement"] = Vector3.new(0, 0, 150),
                    ["CameraRotationVariance"] = Vector3.new(5, 5, 5),
                    ["WeaponMovementVariance"] = Vector3.new(0, 0, 0)
                }
            }
        }
    },
    ["Hallowed Blaster"] = {
        ["Config"] = {
            ["Handling"] = {
                ["IdleTime"] = 0.2,
                ["SprintTime"] = 0.2,
                ["Speed"] = 0.85,
                ["UnequipTime"] = 0.23,
                ["EquipTime"] = 0.23
            },
            ["Character"] = {["MoveSpeed"] = 1, ["TorsoTwist"] = 3},
            ["FirstPersonOffset"] = {
                ["Unequip"] = CFrame.new(1, -2, 0, 1, 0, 0, 0, 0.49999997, 0.866025448, 0, -0.866025448, 0.49999997),
                ["Default"] = CFrame.new(
                    0.800000012,
                    -1.20000005,
                    -1.10000002,
                    0.987688363,
                    -0.156434476,
                    0,
                    0.156434476,
                    0.987688363,
                    0,
                    0,
                    0,
                    1
                ),
                ["Crouch"] = CFrame.new(
                    0.699999988,
                    -1.20000005,
                    -1.10000002,
                    0.866025388,
                    -0.5,
                    0,
                    0.5,
                    0.866025388,
                    0,
                    0,
                    0,
                    1
                ),
                ["Equip"] = CFrame.new(
                    0.800000012,
                    -2,
                    0,
                    1,
                    0,
                    0,
                    0,
                    0.49999997,
                    0.866025448,
                    0,
                    -0.866025448,
                    0.49999997
                ),
                ["Sprint"] = CFrame.new(
                    0.100000001,
                    -1.20000005,
                    -1.10000002,
                    0.681178868,
                    -0.466019571,
                    0.564642489,
                    0.460803419,
                    0.872223854,
                    0.163968876,
                    -0.56890738,
                    0.14849706,
                    0.808883846
                )
            },
            ["Category"] = "Special",
            ["FireModes"] = {
                ["Burst"] = {["BurstAmount"] = 4, ["BurstRate"] = 1300, ["FireRate"] = 325},
                ["Auto"] = {["FireRate"] = 500},
                ["Semi"] = {["FireRate"] = 500}
            },
            ["Damage"] = {["Chest"] = 30, ["Base"] = 30, ["Head"] = 40},
            ["Animators"] = {"ImprovedPaintball"},
            ["Slot"] = "Primary",
            ["Controller"] = "Paintball",
            ["Magazine"] = {["ReloadTime"] = 1.7, ["Mode"] = "Default", ["Size"] = 28},
            ["Aim"] = {["Attachment"] = "AimAttach", ["AimTime"] = 0.2, ["FOV"] = 0.6},
            ["ThirdPersonOffset"] = {
                ["Unequip"] = CFrame.new(
                    -0.5,
                    -2.5,
                    -0.5,
                    -4.37113883e-08,
                    -0.866025448,
                    0.49999997,
                    0,
                    0.49999997,
                    0.866025448,
                    -1,
                    3.78551732e-08,
                    -2.18556924e-08
                ),
                ["Default"] = CFrame.new(0.5, -0.200000003, -1.29999995, 1, 0, 0, 0, 1, 0, 0, 0, 1),
                ["Crouch"] = CFrame.new(0.5, -0.200000003, -1.29999995, 1, 0, 0, 0, 1, 0, 0, 0, 1),
                ["Equip"] = CFrame.new(
                    -0.5,
                    -2.5,
                    -0.5,
                    -4.37113883e-08,
                    -0.866025448,
                    0.49999997,
                    0,
                    0.49999997,
                    0.866025448,
                    -1,
                    3.78551732e-08,
                    -2.18556924e-08
                ),
                ["Sprint"] = CFrame.new(
                    0.699999988,
                    0.5,
                    -0.200000003,
                    1,
                    0,
                    0,
                    0,
                    -4.37113883e-08,
                    -1,
                    0,
                    1,
                    -4.37113883e-08
                ),
                ["Aim"] = CFrame.new(
                    0.300000012,
                    -0.100000001,
                    -1.29999995,
                    0.994521916,
                    -0.104528464,
                    0,
                    0.104528464,
                    0.994521916,
                    0,
                    0,
                    0,
                    1
                )
            },
            ["AttachmentSlots"] = {
                ["Barrel"] = true,
                ["Optic"] = true,
                ["Laser"] = true,
                ["Underbarrel"] = false,
                ["Stock"] = true,
                ["Ammo"] = true,
                ["Perk"] = true,
                ["Grip"] = true
            },
            ["Reticle"] = {
                ["AimScale"] = 0,
                ["ProneScale"] = 1,
                ["SlideScale"] = 1.2,
                ["VaultScale"] = 2,
                ["CrouchScale"] = 1,
                ["Size"] = 8
            },
            ["Model"] = "Hallowed Blaster",
            ["Projectile"] = {
                ["Template"] = "MagicPaintball",
                ["Amount"] = 1,
                ["FalloffPercent"] = 0.4,
                ["GravityCorrection"] = 2,
                ["FalloffEnd"] = 400,
                ["FalloffStart"] = 200
            },
            ["FireModeList"] = {"Burst", "Semi"},
            ["Recoil"] = {
                ["Default"] = {
                    ["WeaponSnapback"] = 1,
                    ["WeaponMovementAimScale"] = 0.9,
                    ["CameraAimScale"] = 1.2,
                    ["CameraScale"] = 0.4,
                    ["RecoilSpeed"] = 1,
                    ["WeaponScale"] = 1,
                    ["CameraRotation"] = Vector3.new(0, 0, 4),
                    ["WeaponRotation"] = Vector3.new(0, 50, 0),
                    ["WeaponRotationVariance"] = Vector3.new(0, 0, 50),
                    ["RecoilScale"] = 1,
                    ["WeaponRotationAimScale"] = 0.2,
                    ["RecoilCrouchScale"] = 1,
                    ["WeaponMovementSpeed"] = 1.5,
                    ["RecoilProneScale"] = 1,
                    ["RecoilRecenter"] = 0.8,
                    ["RecoilAimScale"] = 0.75,
                    ["RecoilMovement"] = "2, 4",
                    ["WeaponAimScale"] = 1,
                    ["RecoilMovementVariance"] = "2, 2",
                    ["WeaponRotationSpeed"] = 1,
                    ["CameraSpeed"] = 3,
                    ["RecoilRecenterTime"] = 0.2,
                    ["RecoilMovementTime"] = 0.05,
                    ["WeaponMovement"] = Vector3.new(0, 0, 100),
                    ["CameraRotationVariance"] = Vector3.new(3, 3, 3),
                    ["WeaponMovementVariance"] = Vector3.new(0, 0, 30)
                }
            }
        }
    },
    ["Tennis Racket"] = {
        ["Config"] = {
            ["Animators"] = {"Melee", "TennisRacket", "ThirdPersonGrip"},
            ["Melee"] = {
                ["SpeedDebuffLength"] = 0.4,
                ["Time"] = 0.15,
                ["SpeedDebuff"] = 0.3,
                ["Speed"] = 12,
                ["Angle"] = 10,
                ["Range"] = 9,
                ["Delay"] = 0.1
            },
            ["Slot"] = "Primary",
            ["Controller"] = "M1MeleeM2SecondaryFiremodePaintball",
            ["ThirdPersonOffset"] = {
                ["Unequip"] = CFrame.new(
                    -0.5,
                    -2.5,
                    -0.5,
                    -4.37113883e-08,
                    -0.866025448,
                    0.49999997,
                    0,
                    0.49999997,
                    0.866025448,
                    -1,
                    3.78551732e-08,
                    -2.18556924e-08
                ),
                ["Default"] = CFrame.new(0, 0.200000003, -1.29999995, 1, 0, 0, 0, 1, 0, 0, 0, 1),
                ["Crouch"] = CFrame.new(0, 0.200000003, -1.29999995, 1, 0, 0, 0, 1, 0, 0, 0, 1),
                ["Equip"] = CFrame.new(
                    -0.5,
                    -2.5,
                    -0.5,
                    -4.37113883e-08,
                    -0.866025448,
                    0.49999997,
                    0,
                    0.49999997,
                    0.866025448,
                    -1,
                    3.78551732e-08,
                    -2.18556924e-08
                ),
                ["Sprint"] = CFrame.new(0, 0.200000003, -1.29999995, 1, 0, 0, 0, 1, 0, 0, 0, 1)
            },
            ["Handling"] = {
                ["IdleTime"] = 0.2,
                ["SprintTime"] = 0.2,
                ["Speed"] = 1,
                ["UnequipTime"] = 0.2,
                ["EquipTime"] = 0.2
            },
            ["FireModeList"] = {"Racket"},
            ["Category"] = "Special",
            ["Character"] = {["MoveSpeed"] = 1, ["TorsoTwist"] = 0},
            ["FirstPersonOffset"] = {
                ["Unequip"] = CFrame.new(
                    0.5,
                    -1.5,
                    0.600000024,
                    0.707106769,
                    -0.707106769,
                    0,
                    0.353553355,
                    0.353553355,
                    0.866025448,
                    -0.612372458,
                    -0.612372458,
                    0.49999997
                ),
