data = {
    ["PP-2K"] = {
        ["Config"] = {
            ["Handling"] = {
                ["IdleTime"] = 0.2,
                ["SprintTime"] = 0.2,
                ["Speed"] = 0.99,
                ["UnequipTime"] = 0.2,
                ["EquipTime"] = 0.2
            },
            ["Character"] = {["MoveSpeed"] = 1, ["ADSMoveSpeed"] = 1.1, ["TorsoTwist"] = 3},
            ["FirstPersonOffset"] = {
                ["Unequip"] = CFrame.new(
                    -0.200000003,
                    -2.5999999,
                    -1,
                    -4.37113883e-08,
                    -0.309017003,
                    0.95105654,
                    0,
                    0.95105654,
                    0.309017003,
                    -1,
                    1.35075622e-08,
                    -4.1572001e-08
                ),
                ["Default"] = CFrame.new(
                    0.800000012,
                    -1.20000005,
                    -1.29999995,
                    0.987688363,
                    -0.156434476,
                    0,
                    0.156434476,
                    0.987688363,
                    0,
                    0,
                    0,
                    1
                ),
                ["Crouch"] = CFrame.new(
                    0.699999988,
                    -1.20000005,
                    -1.29999995,
                    0.866025388,
                    -0.5,
                    0,
                    0.5,
                    0.866025388,
                    0,
                    0,
                    0,
                    1
                ),
                ["Equip"] = CFrame.new(
                    -0.200000003,
                    -2.5999999,
                    -1,
                    -4.37113883e-08,
                    -0.309017003,
                    0.95105654,
                    0,
                    0.95105654,
                    0.309017003,
                    -1,
                    1.35075622e-08,
                    -4.1572001e-08
                ),
                ["Sprint"] = CFrame.new(
                    0,
                    -1.10000002,
                    -0.800000012,
                    0.426353693,
                    0.214886561,
                    0.878661633,
                    0.359775603,
                    0.850949347,
                    -0.382683456,
                    -0.829930186,
                    0.479279548,
                    0.285494447
                )
            },
            ["Category"] = "Submachine Gun",
            ["FireModes"] = {["Auto"] = {["FireRate"] = 625}},
            ["Damage"] = {["Chest"] = 40, ["Base"] = 35, ["Head"] = 45},
            ["Animators"] = {"ImprovedPaintball"},
            ["Slot"] = "Primary",
            ["Controller"] = "Paintball",
            ["Magazine"] = {["ReloadTime"] = 1.8, ["Mode"] = "Default", ["Size"] = 22},
            ["Aim"] = {["Attachment"] = "AimAttach", ["AimTime"] = 0.2, ["FOV"] = 0.6},
            ["ThirdPersonOffset"] = {
                ["Unequip"] = CFrame.new(
                    -0.5,
                    -2.5,
                    -0.5,
                    -4.37113883e-08,
                    -0.866025448,
                    0.49999997,
                    0,
                    0.49999997,
                    0.866025448,
                    -1,
                    3.78551732e-08,
                    -2.18556924e-08
                ),
                ["Default"] = CFrame.new(0.5, -0.200000003, -1.29999995, 1, 0, 0, 0, 1, 0, 0, 0, 1),
                ["Crouch"] = CFrame.new(0.5, -0.200000003, -1.29999995, 1, 0, 0, 0, 1, 0, 0, 0, 1),
                ["Equip"] = CFrame.new(
                    -0.5,
                    -2.5,
                    -0.5,
                    -4.37113883e-08,
                    -0.866025448,
                    0.49999997,
                    0,
                    0.49999997,
                    0.866025448,
                    -1,
                    3.78551732e-08,
                    -2.18556924e-08
                ),
                ["Sprint"] = CFrame.new(
                    0.699999988,
                    0.5,
                    -0.200000003,
                    1,
                    0,
                    0,
                    0,
                    -4.37113883e-08,
                    -1,
                    0,
                    1,
                    -4.37113883e-08
                ),
                ["Aim"] = CFrame.new(
                    0.300000012,
                    -0.100000001,
                    -1.29999995,
                    0.994521916,
                    -0.104528464,
                    0,
                    0.104528464,
                    0.994521916,
                    0,
                    0,
                    0,
                    1
                )
            },
            ["AttachmentSlots"] = {
                ["Optic"] = true,
                ["Stock"] = true,
                ["Ammo"] = true,
                ["Grip"] = true,
                ["Muzzle"] = true,
                ["Barrel"] = true,
                ["Laser"] = true,
                ["Underbarrel"] = false,
                ["Perk"] = true
            },
            ["Reticle"] = {
                ["AimScale"] = 0,
                ["ProneScale"] = 1,
                ["SlideScale"] = 1.2,
                ["VaultScale"] = 2,
                ["CrouchScale"] = 1,
                ["Size"] = 7
            },
            ["Model"] = "PP-2K",
            ["Projectile"] = {
                ["FalloffPercent"] = 0.55,
                ["FalloffEnd"] = 200,
                ["Template"] = "Paintball_FastPistol",
                ["Amount"] = 1,
                ["CollatDamageMultiplier"] = 0.3,
                ["CollatDepth"] = 2,
                ["GravityCorrection"] = 2,
                ["FalloffStart"] = 125
            },
            ["FireModeList"] = {"Auto"},
            ["Recoil"] = {
                ["Default"] = {
                    ["WeaponSnapback"] = 1,
                    ["WeaponMovementAimScale"] = 0.8,
                    ["CameraAimScale"] = 1,
                    ["CameraScale"] = 0.4,
                    ["RecoilSpeed"] = 1,
                    ["WeaponScale"] = 1,
                    ["CameraRotation"] = Vector3.new(0, 0, 11),
                    ["WeaponRotation"] = Vector3.new(0, 35, 0),
                    ["WeaponRotationVariance"] = Vector3.new(0, 10, 10),
                    ["RecoilScale"] = 1,
                    ["WeaponRotationAimScale"] = 0.2,
                    ["RecoilCrouchScale"] = 1,
                    ["WeaponMovementSpeed"] = 2,
                    ["RecoilProneScale"] = 1,
                    ["RecoilRecenter"] = 0.8,
                    ["RecoilAimScale"] = 0.75,
                    ["RecoilMovement"] = "-1.5, 4.80000019",
                    ["WeaponAimScale"] = 1,
                    ["RecoilMovementVariance"] = "4.80000019, 3",
                    ["WeaponRotationSpeed"] = 1,
                    ["CameraSpeed"] = 3,
                    ["RecoilRecenterTime"] = 0.1,
                    ["RecoilMovementTime"] = 0.05,
                    ["WeaponMovement"] = Vector3.new(0, 0, 90),
                    ["CameraRotationVariance"] = Vector3.new(4, 4, 5),
                    ["WeaponMovementVariance"] = Vector3.new(0, 0, 30)
                }
            }
        }
    },
    ["PPSH"] = {
        ["Config"] = {
            ["Handling"] = {
                ["IdleTime"] = 0.2,
                ["SprintTime"] = 0.2,
                ["Speed"] = 0.95,
                ["UnequipTime"] = 0.2,
                ["EquipTime"] = 0.2
            },
            ["Character"] = {["MoveSpeed"] = 0.98, ["ADSMoveSpeed"] = 1.075, ["TorsoTwist"] = 5},
            ["FirstPersonOffset"] = {
                ["Unequip"] = CFrame.new(
                    -0.200000003,
                    -2.5999999,
                    -1,
                    -4.37113883e-08,
                    -0.309017003,
                    0.95105654,
                    0,
                    0.95105654,
                    0.309017003,
                    -1,
                    1.35075622e-08,
                    -4.1572001e-08
                ),
                ["Default"] = CFrame.new(
                    0.800000012,
                    -0.899999976,
                    -0.400000006,
                    0.987688363,
                    -0.156434476,
                    0,
                    0.156434476,
                    0.987688363,
                    0,
                    0,
                    0,
                    1
                ),
                ["Crouch"] = CFrame.new(
                    0.699999988,
                    -0.899999976,
                    -0.400000006,
                    0.923879504,
                    -0.382683456,
                    0,
                    0.382683456,
                    0.923879504,
                    0,
                    0,
                    0,
                    1
                ),
                ["Equip"] = CFrame.new(
                    -0.200000003,
                    -2.5999999,
                    -1,
                    -4.37113883e-08,
                    -0.309017003,
                    0.95105654,
                    0,
                    0.95105654,
                    0.309017003,
                    -1,
                    1.35075622e-08,
                    -4.1572001e-08
                ),
                ["Sprint"] = CFrame.new(
                    -0.100000001,
                    -1.20000005,
                    -0.5,
                    0.49999997,
                    -0.2676166,
                    0.823639154,
                    0,
                    0.95105654,
                    0.309017003,
                    -0.866025448,
                    -0.154508486,
                    0.47552824
                )
            },
            ["Category"] = "Submachine Gun",
            ["FireModes"] = {["Auto"] = {["FireRate"] = 1000}},
            ["Damage"] = {["Chest"] = 27, ["Base"] = 24, ["Head"] = 36},
            ["Animators"] = {"ImprovedPaintball"},
            ["Slot"] = "Primary",
            ["Controller"] = "Paintball",
            ["Magazine"] = {["ReloadTime"] = 1.8, ["Mode"] = "Default", ["Size"] = 35},
            ["ThirdPersonOffset"] = {
                ["Unequip"] = CFrame.new(
                    -0.5,
                    -2.5,
                    -0.5,
                    -4.37113883e-08,
                    -0.866025448,
                    0.49999997,
                    0,
                    0.49999997,
                    0.866025448,
                    -1,
                    3.78551732e-08,
                    -2.18556924e-08
                ),
                ["Default"] = CFrame.new(0.600000024, -0.600000024, -0.300000012, 1, 0, 0, 0, 1, 0, 0, 0, 1),
                ["Crouch"] = CFrame.new(0.600000024, -0.600000024, -0.300000012, 1, 0, 0, 0, 1, 0, 0, 0, 1),
                ["Equip"] = CFrame.new(
                    -0.5,
                    -2.5,
                    -0.5,
                    -4.37113883e-08,
                    -0.866025448,
                    0.49999997,
                    0,
                    0.49999997,
                    0.866025448,
                    -1,
                    3.78551732e-08,
                    -2.18556924e-08
                ),
                ["Sprint"] = CFrame.new(
                    0.100000001,
                    -0.800000012,
                    -0.300000012,
                    0.49999997,
                    -0.2676166,
                    0.823639154,
                    0,
                    0.95105654,
                    0.309017003,
                    -0.866025448,
                    -0.154508486,
                    0.47552824
                ),
                ["Aim"] = CFrame.new(
                    0.5,
                    0,
                    -0.800000012,
                    0.994521916,
                    -0.104528464,
                    0,
                    0.104528464,
                    0.994521916,
                    0,
                    0,
                    0,
                    1
                )
            },
            ["Aim"] = {["Attachment"] = "AimAttach", ["AimTime"] = 0.2, ["FOV"] = 0.6},
            ["Reticle"] = {
                ["AimScale"] = 0,
                ["ProneScale"] = 1,
                ["SlideScale"] = 1.2,
                ["VaultScale"] = 2,
                ["CrouchScale"] = 1,
                ["Size"] = 7
            },
            ["AttachmentSlots"] = {
                ["Optic"] = true,
                ["Stock"] = true,
                ["Ammo"] = true,
                ["Grip"] = true,
                ["Muzzle"] = false,
                ["Barrel"] = true,
                ["Laser"] = true,
                ["Underbarrel"] = true,
                ["Perk"] = true
            },
            ["Name"] = "PPSH",
            ["Model"] = "PPSH",
            ["Projectile"] = {
                ["FalloffPercent"] = 0.6,
                ["FalloffEnd"] = 110,
                ["Template"] = "Paintball_FastPistol",
                ["Amount"] = 1,
                ["CollatDamageMultiplier"] = 0.25,
                ["CollatDepth"] = 2,
                ["GravityCorrection"] = 2,
                ["FalloffStart"] = 70
            },
            ["FireModeList"] = {"Auto"},
            ["Recoil"] = {
                ["Default"] = {
                    ["WeaponSnapback"] = 1,
                    ["WeaponMovementAimScale"] = 0.6,
                    ["CameraAimScale"] = 1,
                    ["CameraScale"] = 0.3,
                    ["RecoilSpeed"] = 0.85,
                    ["WeaponScale"] = 0.9,
                    ["CameraRotation"] = Vector3.new(0, 0, 8),
                    ["WeaponRotation"] = Vector3.new(0, 15, 0),
                    ["WeaponRotationVariance"] = Vector3.new(0, 2, 10),
                    ["RecoilScale"] = 1,
                    ["WeaponRotationAimScale"] = 0.3,
                    ["RecoilCrouchScale"] = 1,
                    ["WeaponMovementSpeed"] = 2,
                    ["RecoilProneScale"] = 1,
                    ["RecoilRecenter"] = 0.8,
                    ["RecoilAimScale"] = 0.75,
                    ["RecoilMovement"] = "4, 8",
                    ["WeaponAimScale"] = 0.7,
                    ["RecoilMovementVariance"] = "1.5, 1.5",
                    ["WeaponRotationSpeed"] = 1.75,
                    ["CameraSpeed"] = 3.5,
                    ["RecoilRecenterTime"] = 0.1,
                    ["RecoilMovementTime"] = 0.06,
                    ["WeaponMovement"] = Vector3.new(0, 0, 60),
                    ["CameraRotationVariance"] = Vector3.new(4, 4, 4),
                    ["WeaponMovementVariance"] = Vector3.new(0, 0, 10)
                }
            }
        }
    },
    ["Sten Gun"] = {
        ["Config"] = {
            ["Handling"] = {
                ["IdleTime"] = 0.2,
                ["SprintTime"] = 0.2,
                ["Speed"] = 1,
                ["UnequipTime"] = 0.2,
                ["EquipTime"] = 0.2
            },
            ["Character"] = {["MoveSpeed"] = 1, ["ADSMoveSpeed"] = 1.1, ["TorsoTwist"] = 5},
            ["FirstPersonOffset"] = {
                ["Unequip"] = CFrame.new(
                    -0.200000003,
                    -2.5999999,
                    -1,
                    -4.37113883e-08,
                    -0.309017003,
                    0.95105654,
                    0,
                    0.95105654,
                    0.309017003,
                    -1,
                    1.35075622e-08,
                    -4.1572001e-08
                ),
                ["Default"] = CFrame.new(
                    0.699999988,
                    -1,
                    -0.200000003,
                    0.95105654,
                    -0.309017003,
                    0,
                    0.309017003,
                    0.95105654,
                    0,
                    0,
                    0,
                    1
                ),
                ["Crouch"] = CFrame.new(
                    0.699999988,
                    -1,
                    -0.200000003,
                    0.923879504,
                    -0.382683456,
                    0,
                    0.382683456,
                    0.923879504,
                    0,
                    0,
                    0,
                    1
                ),
                ["Equip"] = CFrame.new(
                    -0.200000003,
                    -2.5999999,
                    -1,
                    -4.37113883e-08,
                    -0.309017003,
                    0.95105654,
                    0,
                    0.95105654,
                    0.309017003,
                    -1,
                    1.35075622e-08,
                    -4.1572001e-08
                ),
                ["Sprint"] = CFrame.new(
                    0.200000003,
                    -0.899999976,
                    -0.5,
                    0.49999997,
                    -0.2676166,
                    0.823639154,
                    0,
                    0.95105654,
                    0.309017003,
                    -0.866025448,
                    -0.154508486,
                    0.47552824
                )
            },
            ["Category"] = "Submachine Gun",
            ["FireModes"] = {["Auto"] = {["FireRate"] = 660}},
            ["Damage"] = {["Chest"] = 34, ["Base"] = 34, ["Head"] = 48},
            ["Animators"] = {"Paintball"},
            ["Slot"] = "Primary",
            ["Controller"] = "Paintball",
            ["Magazine"] = {["ReloadTime"] = 1.7, ["Mode"] = "Default", ["Size"] = 32},
            ["Aim"] = {["Attachment"] = "AimAttach", ["AimTime"] = 0.2, ["FOV"] = 0.6},
            ["ThirdPersonOffset"] = {
                ["Unequip"] = CFrame.new(
                    -0.5,
                    -2.5,
                    -0.5,
                    -4.37113883e-08,
                    -0.866025448,
                    0.49999997,
                    0,
                    0.49999997,
                    0.866025448,
                    -1,
                    3.78551732e-08,
                    -2.18556924e-08
                ),
                ["Default"] = CFrame.new(0.600000024, -0.300000012, -0.600000024, 1, 0, 0, 0, 1, 0, 0, 0, 1),
                ["Crouch"] = CFrame.new(0.600000024, -0.300000012, -0.600000024, 1, 0, 0, 0, 1, 0, 0, 0, 1),
                ["Equip"] = CFrame.new(
                    -0.5,
                    -2.5,
                    -0.5,
                    -4.37113883e-08,
                    -0.866025448,
                    0.49999997,
                    0,
                    0.49999997,
                    0.866025448,
                    -1,
                    3.78551732e-08,
                    -2.18556924e-08
                ),
                ["Sprint"] = CFrame.new(
                    0.100000001,
                    -0.5,
                    -0.300000012,
                    0.49999997,
                    -0.2676166,
                    0.823639154,
                    0,
                    0.95105654,
                    0.309017003,
                    -0.866025448,
                    -0.154508486,
                    0.47552824
                ),
                ["Aim"] = CFrame.new(
                    0.5,
                    0.300000012,
                    -1.10000002,
                    0.994521916,
                    -0.104528464,
                    0,
                    0.104528464,
                    0.994521916,
                    0,
                    0,
                    0,
                    1
                )
            },
            ["AttachmentSlots"] = {
                ["Optic"] = true,
                ["Stock"] = true,
                ["Ammo"] = true,
                ["Grip"] = true,
                ["Muzzle"] = true,
                ["Barrel"] = true,
                ["Laser"] = true,
                ["Underbarrel"] = true,
                ["Perk"] = true
            },
            ["Reticle"] = {
                ["AimScale"] = 0,
                ["ProneScale"] = 1,
                ["SlideScale"] = 1.2,
                ["VaultScale"] = 2,
                ["CrouchScale"] = 1,
                ["Size"] = 5.5
            },
            ["Model"] = "Sten Gun",
            ["Projectile"] = {
                ["FalloffPercent"] = 0.65,
                ["FalloffEnd"] = 150,
                ["Template"] = "Paintball_FastPistol",
                ["Amount"] = 1,
                ["CollatDamageMultiplier"] = 0.35,
                ["CollatDepth"] = 2,
                ["GravityCorrection"] = 2,
                ["FalloffStart"] = 100
            },
            ["FireModeList"] = {"Auto"},
            ["Recoil"] = {
                ["Default"] = {
                    ["WeaponSnapback"] = 1,
                    ["WeaponMovementAimScale"] = 0.8,
                    ["CameraAimScale"] = 1,
                    ["CameraScale"] = 0.4,
                    ["RecoilSpeed"] = 1,
                    ["WeaponScale"] = 1,
                    ["CameraRotation"] = Vector3.new(0, 0, 10),
                    ["WeaponRotation"] = Vector3.new(0, 50, -30),
                    ["WeaponRotationVariance"] = Vector3.new(0, 10, 30),
                    ["RecoilScale"] = 1,
                    ["WeaponRotationAimScale"] = 0.2,
                    ["RecoilCrouchScale"] = 1,
                    ["WeaponMovementSpeed"] = 2,
                    ["RecoilProneScale"] = 1,
                    ["RecoilRecenter"] = 0.8,
                    ["RecoilAimScale"] = 0.75,
                    ["RecoilMovement"] = "-1, 4.5",
                    ["WeaponAimScale"] = 1,
                    ["RecoilMovementVariance"] = "6, 2",
                    ["WeaponRotationSpeed"] = 1,
                    ["CameraSpeed"] = 3,
                    ["RecoilRecenterTime"] = 0.2,
                    ["RecoilMovementTime"] = 0.1,
                    ["WeaponMovement"] = Vector3.new(0, 0, 130),
                    ["CameraRotationVariance"] = Vector3.new(5, 5, 5),
                    ["WeaponMovementVariance"] = Vector3.new(0, 0, 30)
                }
            }
        }
    },
    ["PP-19"] = {
        ["Config"] = {
            ["Handling"] = {
                ["IdleTime"] = 0.2,
                ["SprintTime"] = 0.2,
                ["Speed"] = 0.92,
                ["UnequipTime"] = 0.2,
                ["EquipTime"] = 0.2
            },
            ["Character"] = {["MoveSpeed"] = 0.96, ["ADSMoveSpeed"] = 1.1, ["FlinchScale"] = 1, ["TorsoTwist"] = 5},
            ["FirstPersonOffset"] = {
                ["Unequip"] = CFrame.new(
                    -0.200000003,
                    -2.5999999,
                    -1,
                    -4.37113883e-08,
                    -0.309017003,
                    0.95105654,
                    0,
                    0.95105654,
                    0.309017003,
                    -1,
                    1.35075622e-08,
                    -4.1572001e-08
                ),
                ["Default"] = CFrame.new(
                    0.800000012,
                    -1.20000005,
                    -0.600000024,
                    0.987688363,
                    -0.156434476,
                    0,
                    0.156434476,
                    0.987688363,
                    0,
                    0,
                    0,
                    1
                ),
                ["Crouch"] = CFrame.new(
                    0.800000012,
                    -1.20000005,
                    -0.600000024,
                    0.923879504,
                    -0.382683456,
                    0,
                    0.382683456,
                    0.923879504,
                    0,
                    0,
                    0,
                    1
                ),
                ["Equip"] = CFrame.new(
                    -0.200000003,
                    -2.5999999,
                    -1,
                    -4.37113883e-08,
                    -0.309017003,
                    0.95105654,
                    0,
                    0.95105654,
                    0.309017003,
                    -1,
                    1.35075622e-08,
                    -4.1572001e-08
                ),
                ["Sprint"] = CFrame.new(
                    0.200000003,
                    -1.10000002,
                    -0.5,
                    0.49999997,
                    -0.2676166,
                    0.823639154,
                    0,
                    0.95105654,
                    0.309017003,
                    -0.866025448,
                    -0.154508486,
                    0.47552824
                )
            },
            ["Category"] = "Submachine Gun",
            ["FireModes"] = {
                ["Burst"] = {["BurstAmount"] = 3, ["BurstRate"] = 1400, ["FireRate"] = 270},
                ["Auto"] = {["FireRate"] = 720},
                ["Ramp"] = {["StartRate"] = 950, ["RampTime"] = 0.4, ["FireRate"] = 650}
            },
            ["Damage"] = {["Chest"] = 33, ["Base"] = 28, ["Head"] = 39},
            ["Animators"] = {"ImprovedPaintball"},
            ["Slot"] = "Primary",
            ["Controller"] = "Paintball",
            ["Magazine"] = {["ReloadTime"] = 1.9, ["Mode"] = "Default", ["Size"] = 44},
            ["Aim"] = {["Attachment"] = "AimAttach", ["AimTime"] = 0.2, ["FOV"] = 0.6},
            ["ThirdPersonOffset"] = {
                ["Unequip"] = CFrame.new(
                    -0.5,
                    -2.5,
                    -0.5,
                    -4.37113883e-08,
                    -0.866025448,
                    0.49999997,
                    0,
                    0.49999997,
                    0.866025448,
                    -1,
                    3.78551732e-08,
                    -2.18556924e-08
                ),
                ["Default"] = CFrame.new(0.600000024, -0.600000024, -0.300000012, 1, 0, 0, 0, 1, 0, 0, 0, 1),
                ["Crouch"] = CFrame.new(0.600000024, -0.600000024, -0.300000012, 1, 0, 0, 0, 1, 0, 0, 0, 1),
                ["Equip"] = CFrame.new(
                    -0.5,
                    -2.5,
                    -0.5,
                    -4.37113883e-08,
                    -0.866025448,
                    0.49999997,
                    0,
                    0.49999997,
                    0.866025448,
                    -1,
                    3.78551732e-08,
                    -2.18556924e-08
                ),
                ["Sprint"] = CFrame.new(
                    0.100000001,
                    -0.800000012,
                    -0.300000012,
                    0.49999997,
                    -0.2676166,
                    0.823639154,
                    0,
                    0.95105654,
                    0.309017003,
                    -0.866025448,
                    -0.154508486,
                    0.47552824
                ),
                ["Aim"] = CFrame.new(
                    0.5,
                    0,
                    -0.800000012,
                    0.994521916,
                    -0.104528464,
                    0,
                    0.104528464,
                    0.994521916,
                    0,
                    0,
                    0,
                    1
                )
            },
            ["AttachmentSlots"] = {
                ["Muzzle"] = true,
                ["Optic"] = true,
                ["Laser"] = true,
                ["Stock"] = true,
                ["Barrel"] = true,
                ["Ammo"] = true,
                ["Perk"] = true,
                ["Grip"] = true
            },
            ["Reticle"] = {
                ["AimScale"] = 0,
                ["ProneScale"] = 1,
                ["SlideScale"] = 1.2,
                ["VaultScale"] = 2,
                ["CrouchScale"] = 1,
                ["Size"] = 5
            },
            ["Model"] = "PP-19",
            ["Projectile"] = {
                ["FalloffPercent"] = 0.65,
                ["FalloffEnd"] = 175,
                ["Template"] = "Paintball_FastPistol",
                ["Amount"] = 1,
                ["CollatDamageMultiplier"] = 0.3,
                ["CollatDepth"] = 2,
                ["GravityCorrection"] = 2,
                ["FalloffStart"] = 100
            },
            ["FireModeList"] = {"Auto"},
            ["Recoil"] = {
                ["Default"] = {
                    ["WeaponSnapback"] = 1,
                    ["WeaponMovementAimScale"] = 0.8,
                    ["CameraAimScale"] = 1,
                    ["CameraScale"] = 0.4,
                    ["RecoilSpeed"] = 1,
                    ["WeaponScale"] = 1,
                    ["CameraRotation"] = Vector3.new(0, 0, -5),
                    ["WeaponRotation"] = Vector3.new(0, 40, 0),
                    ["WeaponRotationVariance"] = Vector3.new(0, 0, 30),
                    ["RecoilScale"] = 0.7,
                    ["WeaponRotationAimScale"] = 0.2,
                    ["RecoilCrouchScale"] = 1,
                    ["WeaponMovementSpeed"] = 1.25,
                    ["RecoilProneScale"] = 1,
                    ["RecoilRecenter"] = 0.8,
                    ["RecoilAimScale"] = 0.75,
                    ["RecoilMovement"] = "-1, 5",
                    ["WeaponAimScale"] = 1,
                    ["RecoilMovementVariance"] = "3, 2",
                    ["WeaponRotationSpeed"] = 1,
                    ["CameraSpeed"] = 3,
                    ["RecoilRecenterTime"] = 0.1,
                    ["RecoilMovementTime"] = 0.1,
                    ["WeaponMovement"] = Vector3.new(0, 0, 100),
                    ["CameraRotationVariance"] = Vector3.new(4, 4, 4),
                    ["WeaponMovementVariance"] = Vector3.new(0, 0, 35)
                }
            }
        }
    },
    ["MP7"] = {
        ["Config"] = {
            ["Handling"] = {
                ["IdleTime"] = 0.2,
                ["SprintTime"] = 0.2,
                ["Speed"] = 1,
                ["UnequipTime"] = 0.2,
                ["EquipTime"] = 0.2
            },
            ["Character"] = {["MoveSpeed"] = 1, ["ADSMoveSpeed"] = 1.05, ["TorsoTwist"] = 3},
            ["FirstPersonOffset"] = {
                ["Unequip"] = CFrame.new(
                    -0.200000003,
                    -2.5999999,
                    -1,
                    -4.37113883e-08,
                    -0.309017003,
                    0.95105654,
                    0,
                    0.95105654,
                    0.309017003,
                    -1,
                    1.35075622e-08,
                    -4.1572001e-08
                ),
                ["Default"] = CFrame.new(
                    0.800000012,
                    -1.20000005,
                    -1.29999995,
                    0.987688363,
                    -0.156434476,
                    0,
                    0.156434476,
                    0.987688363,
                    0,
                    0,
                    0,
                    1
                ),
                ["Crouch"] = CFrame.new(
                    0.699999988,
                    -1.20000005,
                    -1.29999995,
                    0.866025388,
                    -0.5,
                    0,
                    0.5,
                    0.866025388,
                    0,
                    0,
                    0,
                    1
                ),
                ["Equip"] = CFrame.new(
                    -0.200000003,
                    -2.5999999,
                    -1,
                    -4.37113883e-08,
                    -0.309017003,
                    0.95105654,
                    0,
                    0.95105654,
                    0.309017003,
                    -1,
                    1.35075622e-08,
                    -4.1572001e-08
                ),
                ["Sprint"] = CFrame.new(0, -1.29999995, -1.70000005, 1, 0, 0, 0, 1, 0, 0, 0, 1)
            },
            ["Category"] = "Submachine Gun",
            ["FireModes"] = {["Auto"] = {["FireRate"] = 900}},
            ["Damage"] = {["Chest"] = 28, ["Base"] = 26, ["Head"] = 39},
            ["Animators"] = {"Paintball"},
            ["Slot"] = "Primary",
            ["Controller"] = "Paintball",
            ["Magazine"] = {["ReloadTime"] = 1.6, ["Mode"] = "Default", ["Size"] = 30},
            ["ThirdPersonOffset"] = {
                ["Unequip"] = CFrame.new(
                    -0.5,
                    -2.5,
                    -0.5,
                    -4.37113883e-08,
                    -0.866025448,
                    0.49999997,
                    0,
                    0.49999997,
                    0.866025448,
                    -1,
                    3.78551732e-08,
                    -2.18556924e-08
                ),
                ["Default"] = CFrame.new(0.5, -0.200000003, -1.29999995, 1, 0, 0, 0, 1, 0, 0, 0, 1),
                ["Crouch"] = CFrame.new(0.5, -0.200000003, -1.29999995, 1, 0, 0, 0, 1, 0, 0, 0, 1),
                ["Equip"] = CFrame.new(
                    -0.5,
                    -2.5,
                    -0.5,
                    -4.37113883e-08,
                    -0.866025448,
                    0.49999997,
                    0,
                    0.49999997,
                    0.866025448,
                    -1,
                    3.78551732e-08,
                    -2.18556924e-08
                ),
                ["Sprint"] = CFrame.new(
                    0.699999988,
                    0.5,
                    -0.200000003,
                    1,
                    0,
                    0,
                    0,
                    -4.37113883e-08,
                    -1,
                    0,
                    1,
                    -4.37113883e-08
                ),
                ["Aim"] = CFrame.new(
                    0.300000012,
                    -0.100000001,
                    -1.29999995,
                    0.994521916,
                    -0.104528464,
                    0,
                    0.104528464,
                    0.994521916,
                    0,
                    0,
                    0,
                    1
                )
            },
            ["Aim"] = {["Attachment"] = "AimAttach", ["AimTime"] = 0.2, ["FOV"] = 0.6},
            ["Reticle"] = {
                ["AimScale"] = 0,
                ["ProneScale"] = 1,
                ["SlideScale"] = 1.2,
                ["VaultScale"] = 2,
                ["CrouchScale"] = 1,
                ["Size"] = 7
            },
            ["AttachmentSlots"] = {
                ["Optic"] = true,
                ["Stock"] = true,
                ["Ammo"] = true,
                ["Grip"] = true,
                ["Muzzle"] = true,
                ["Barrel"] = true,
                ["Laser"] = true,
                ["Underbarrel"] = true,
                ["Perk"] = true
            },
            ["Name"] = "Stinger",
            ["Model"] = "MP7",
            ["Projectile"] = {
                ["FalloffPercent"] = 0.6,
                ["FalloffEnd"] = 150,
                ["Template"] = "Paintball_FastPistol",
                ["Amount"] = 1,
                ["CollatDamageMultiplier"] = 0.3,
                ["CollatDepth"] = 2,
                ["GravityCorrection"] = 2,
                ["FalloffStart"] = 50
            },
            ["FireModeList"] = {"Auto"},
            ["Recoil"] = {
                ["Default"] = {
                    ["WeaponSnapback"] = 1,
                    ["WeaponMovementAimScale"] = 0.8,
                    ["CameraAimScale"] = 1,
                    ["CameraScale"] = 0.4,
                    ["RecoilSpeed"] = 1,
                    ["WeaponScale"] = 1,
                    ["CameraRotation"] = Vector3.new(0, 0, 8),
                    ["WeaponRotation"] = Vector3.new(0, 50, 0),
                    ["WeaponRotationVariance"] = Vector3.new(0, 0, 50),
                    ["RecoilScale"] = 1,
                    ["WeaponRotationAimScale"] = 0.2,
                    ["RecoilCrouchScale"] = 1,
                    ["WeaponMovementSpeed"] = 1.5,
                    ["RecoilProneScale"] = 1,
                    ["RecoilRecenter"] = 0.8,
                    ["RecoilAimScale"] = 0.75,
                    ["RecoilMovement"] = "-0.5, 5",
                    ["WeaponAimScale"] = 1,
                    ["RecoilMovementVariance"] = "4, 2",
                    ["WeaponRotationSpeed"] = 1,
                    ["CameraSpeed"] = 3,
                    ["RecoilRecenterTime"] = 0.2,
                    ["RecoilMovementTime"] = 0.05,
                    ["WeaponMovement"] = Vector3.new(0, 0, 100),
                    ["CameraRotationVariance"] = Vector3.new(5, 5, 5),
                    ["WeaponMovementVariance"] = Vector3.new(0, 0, 30)
                }
            }
        }
    },
    ["P90"] = {
        ["Config"] = {
            ["Handling"] = {
                ["IdleTime"] = 0.2,
                ["SprintTime"] = 0.2,
                ["Speed"] = 0.97,
                ["UnequipTime"] = 0.2,
                ["EquipTime"] = 0.2
            },
            ["Character"] = {["MoveSpeed"] = 0.97, ["ADSMoveSpeed"] = 1.1, ["TorsoTwist"] = 5},
            ["FirstPersonOffset"] = {
                ["Unequip"] = CFrame.new(
                    -0.200000003,
                    -2.5999999,
                    -1,
                    -4.37113883e-08,
                    -0.309017003,
                    0.95105654,
                    0,
                    0.95105654,
                    0.309017003,
                    -1,
                    1.35075622e-08,
                    -4.1572001e-08
                ),
                ["Default"] = CFrame.new(
                    0.800000012,
                    -1.10000002,
                    -0.899999976,
                    0.987688363,
                    -0.156434476,
                    0,
                    0.156434476,
                    0.987688363,
                    0,
                    0,
                    0,
                    1
                ),
                ["Crouch"] = CFrame.new(
                    0.800000012,
                    -1.10000002,
                    -0.899999976,
                    0.923879504,
                    -0.382683456,
                    0,
                    0.382683456,
                    0.923879504,
                    0,
                    0,
                    0,
                    1
                ),
                ["Equip"] = CFrame.new(
                    -0.200000003,
                    -2.5999999,
                    -1,
                    -4.37113883e-08,
                    -0.309017003,
                    0.95105654,
                    0,
                    0.95105654,
                    0.309017003,
                    -1,
                    1.35075622e-08,
                    -4.1572001e-08
                ),
                ["Sprint"] = CFrame.new(
                    0.200000003,
                    -1.10000002,
                    -0.5,
                    0.49999997,
                    -0.2676166,
                    0.823639154,
                    0,
                    0.95105654,
                    0.309017003,
                    -0.866025448,
                    -0.154508486,
                    0.47552824
                )
            },
            ["Category"] = "Submachine Gun",
            ["FireModes"] = {["Auto"] = {["FireRate"] = 900}, ["Semi"] = {["FireRate"] = 900}},
