data = {["Freezer"] = {["Shop"]={["Price"]={["Value"]=1000,["Type"]="Coins"},["Preview"]={["Offset"]=Vector3.new(0, 0, 0),["Zoom"]=1,["Rotation"]=CFrame.new(0, 0, 0, -0.707106829, 0, -0.707106709, 0, 1, 0, 0.707106709, 0, -0.707106829)},["Description"]="Blast a ice shard, exploding and freezing neaerby enemies.",["Status"]={["Sale"]=false,["New"]=false}},["Stats"]={["Upgrades"]={{["Stats"]={["Range"]=10,["Extras"]={"Longer freeze"}},["Image"]=3354968287,["Title"]="Frost Knuckles",["Cost"]=350},{["Stats"]={["Range"]=12},["Image"]=3354969462,["Title"]="Frost Vision",["Cost"]=400},{["Stats"]={["Extra"]={"Defense reducing"},["Damage"]=2},["Image"]=3354970959,["Title"]="Cold Snap",["Cost"]=1400},{["Stats"]={["Cooldown"]=1.5},["Image"]=3354972102,["Title"]="Arctic Commando",["Cost"]=2500},{["Stats"]={["Extras"]={"Longer freeze","More defense reducing"},["Range"]=14,["Cooldown"]=1},["Image"]=3280084231,["Title"]="Subzero Hero",["Cost"]=6000}},["Price"]=350,["Class"]="Ground",["Range"]=8,["Hidden"]=false,["Icon"]=6883287327,["Skins"]={["Foam"]=4088821168,["Mint Choco"]=4629031777,["IcyTea"]=5083319163,["Deep Freeze"]=4088821168},["Proc"]=1,["Cooldown"]=3,["Damage"]=0},["Skins"]={"Deep Freeze","Default","Foam","IcyTea","Mint Choco"}},
["Twitgunner"] = {["Shop"]={["Status"]={["Sale"]=false,["New"]=false},["Preview"]={["Offset"]=Vector3.new(0, 0, 0),["Zoom"]=1,["Rotation"]=CFrame.new(0, 0, 0, -0.707106829, 0, -0.707106709, 0, 1, 0, 0.707106709, 0, -0.707106829)},["Description"]="The starter tower of the game."},["Stats"]={["UpgradeNames"]={"Laser Sight","Precise Aiming","Stronger Bullets","Dual Wield","Field Operator"},["Upgrades"]={50,85,250,600,1000},["Price"]=350,["Class"]="Ground",["Range"]=12,["Desc"]={{"+ 2 range"},{"+ 2 range","+ Hidden detection"},{"+ 1 range","+ 2 damage"},{"+ 1 damage","1 > 0.75 firerate"},{"+ 1 range","+ 2 damage"}},["Images"]={3278746120,3278749117,3278750530,3278741672,3279537687},["Icon"]=4863401308,["Hidden"]=false,["Proc"]=1,["Cooldown"]=1.5,["Damage"]=2},["Skins"]={"Default"}},
["Combatant"] = {["Shop"]={["Status"]={["Sale"]=false,["New"]=false},["Preview"]={["Offset"]=Vector3.new(0, 0, 0),["Zoom"]=1,["Rotation"]=CFrame.new(0, 0, 0, -0.707106829, 0, -0.707106709, 0, 1, 0, 0.707106709, 0, -0.707106829)},["Description"]="Slash nearby enemies and deal area damage. Won from beating Gladiator Event 2019"},["Stats"]={["Upgrades"]={{["Stats"]={["Damage"]=3},["Image"]=3356186535,["Title"]="Warrior Armor",["Cost"]=250},{["Stats"]={["Hidden"]=true,["Damage"]=5},["Image"]=141745478,["Title"]="Dangersense",["Cost"]=500},{["Stats"]={["Extras"]={"Warrior's Call"},["Damage"]=10},["Image"]=4118882122,["Title"]="Extra Protection",["Cost"]=1500},{["Stats"]={["Cooldown"]=0.75,["Damage"]=25},["Image"]=16620737,["Title"]="Illumina",["Cost"]=2500},{["Image"]=16868189,["Title"]="Darkheart Swordsman",["Cost"]=6000,["Stats"]={["Range"]=6,["Cooldown"]=0.5,["Damage"]=40},["Description"]={"More damage","More range","Faster swinging"}}},["Price"]=100,["Class"]="Ground",["Range"]=5,["Hidden"]=false,["Abilities"]={{["Name"]="Warrior's Call",["Debounce"]=30,["Price"]=0,["Level"]=3,["Icon"]=4118870230}},["Icon"]=6062418584,["Skins"]={["Pumpkin"]=5084589873,["Demon"]=5084589873,["Slugger"]=5084589873},["Proc"]=1,["Cooldown"]=0.85,["Damage"]=2},["Skins"]={"Default"}},
["Minigunner"] = {["Shop"]={["Price"]={["Value"]=2500,["Type"]="Coins"},["Preview"]={["Offset"]=Vector3.new(0, 0, 0),["Zoom"]=1,["Rotation"]=CFrame.new(0, 0, 0, -0.707106829, 0, -0.707106709, 0, 1, 0, 0.707106709, 0, -0.707106829)},["Description"]="A high-firerate tower that carries a M61 Vulcan Gatling Gun",["Status"]={["Sale"]=false,["New"]=false}},["Stats"]={["Upgrades"]={{["Stats"]={["Range"]=18,["Cooldown"]=0.1},["Image"]=5523183082,["Title"]="Improved Handling",["Cost"]=500},{["Stats"]={["Range"]=19,["Hidden"]=true},["Image"]=5523183560,["Title"]="Heat Vision Goggles",["Cost"]=650},{["Stats"]={["Cooldown"]=0.05,["Damage"]=2},["Image"]=5523183784,["Title"]="Geared Up",["Cost"]=5500},{["Image"]=5523184267,["Title"]="Futuristic Armory",["Cost"]=9000,["Stats"]={["Range"]=21,["Damage"]=4},["Description"]={"More damage","More range"}}},["Price"]=2000,["Class"]="Ground",["Range"]=16,["Hidden"]=false,["Icon"]=6883296891,["Skins"]={["Ghost"]=4863529214,["Twitter"]=4676013057,["Winter"]=4343076813,["Black Ops"]=3958845964,["Pumpkin"]=4125170145,["Party"]=3958840529,["Xmas"]=4538504114,["Blue"]=3958831177,["Bunny"]=4863414906,["Heavy"]=4343076813,["Golden"]=3958844258,["Crusader"]=4088821168,["Community"]=4863434919,["Green"]=3958838799,["Toy"]=4793469431,["Frost"]=4863434919,["Wraith"]=4497119837,["Hazmat"]=4961734585},["Proc"]=0.4,["Cooldown"]=0.14,["Damage"]=1},["Skins"]={"Beach","Black Ops","Blue","Bunny","Community","Crusader","Default","DefaultOld","Ducky","Frost","Ghost","Golden","GoldenOld","Green","Hazmat","Heavy","Holiday","Party","Plushie","Pumpkin","Toy","ToyOld","Twitter","Wraith","Xmas"}},
["Toxic Gunner"] = {["Shop"]={["Price"]={["Value"]=250,["Type"]="Coins"},["Preview"]={["Offset"]=Vector3.new(0, 0, 0),["Zoom"]=1,["Rotation"]=CFrame.new(0, 0, 0, -0.707106829, 0, -0.707106709, 0, 1, 0, 0.707106709, 0, -0.707106829)},["Description"]="A cheap and effective burst tower. Great for beginners!",["Status"]={["Sale"]=false,["New"]=false}},["Stats"]={["Upgrades"]={{["Stats"]={["Extras"]={"x2 Reload Speed"}},["Image"]=5523192002,["Title"]="Faster Reloading",["Cost"]=150},{["Stats"]={["Range"]=12,["Extras"]={"Bullets damage over time"}},["Image"]=5523193619,["Title"]="Poisonous Bullets",["Cost"]=400},{["Stats"]={["Extras"]={"Increased burst"},["Range"]=14,["Cooldown"]=0.1,["Damage"]=2},["Image"]=5523195646,["Title"]="Hazardous Gear",["Cost"]=1600},{["Stats"]={["Extras"]={"Increased burst","Longer effects"},["Range"]=18,["Damage"]=4},["Image"]=5523196519,["Title"]="Nuclear Overload",["Cost"]=6000}},["Price"]=400,["Class"]="Ground",["Range"]=10,["Icon"]=6883315647,["Hidden"]=false,["Proc"]=1,["Cooldown"]=0.15,["Damage"]=1},["Skins"]={"Default"}},
["Sledger"] = {["Shop"]={["Status"]={["Sale"]=false,["New"]=false},["Preview"]={["Offset"]=Vector3.new(0, 0, 0),["Zoom"]=1,["Rotation"]=CFrame.new(0, 0, 0, -0.707106829, 0, -0.707106709, 0, 1, 0, 0.707106709, 0, -0.707106829)},["Description"]="Bash the heads of zombies and freeze them in their place."},["Stats"]={["Upgrades"]={{["Stats"]={["Damage"]=6},["Image"]=3356186535,["Title"]="Heavier Swings",["Cost"]=250},{["Stats"]={["Extras"]={"2 max hits."},["Cooldown"]=1.75,["Damage"]=8},["Image"]=141745478,["Title"]="Better Sledge",["Cost"]=500},{["Stats"]={["Extras"]={"Freeze enemies on hit."},["Damage"]=15},["Image"]=4118882122,["Title"]="Freezing Strikes",["Cost"]=1500},{["Stats"]={["Extras"]={"Frozen enemies take x2 damage."},["Cooldown"]=1.5,["Damage"]=35},["Image"]=16620737,["Title"]="Ice Breaker",["Cost"]=2500},{["Stats"]={["Extras"]={"4 max hits."},["Cooldown"]=1.25,["Damage"]=50},["Image"]=16868189,["Title"]="Arctic Commando",["Cost"]=8500}},["Price"]=350,["Class"]="Ground",["Range"]=6,["Limit"]=6,["Icon"]=6883307471,["Hidden"]=false,["Proc"]=1,["Cooldown"]=2,["Damage"]=4},["Skins"]={"Brave Soul","Default"}},
["Paintballer"] = {["Shop"]={["Price"]={["Value"]=150,["Type"]="Coins"},["Preview"]={["Offset"]=Vector3.new(0, 0, 0),["Zoom"]=1,["Rotation"]=CFrame.new(0, 0, 0, -0.866025388, 0, 0.50000006, 0, 1, 0, -0.50000006, 0, -0.866025388)},["Description"]="Usually, paintball guns aren't really useful in the apocalypse but apparently this one is. Deals splash damage.",["Status"]={["Sale"]=false,["New"]=false}},["Stats"]={["Upgrades"]={{["Stats"]={["Range"]=13},["Image"]=3280081327,["Title"]="Paintball Gear",["Cost"]=100},{["Stats"]={["Extras"]={"Larger splash"},["Damage"]=3},["Image"]=3319083300,["Title"]="Shoulder Pads",["Cost"]=500},{["Stats"]={["Range"]=15,["Cooldown"]=1.5},["Image"]=3280082028,["Title"]="Double Barrel Gun",["Cost"]=700},{["Stats"]={["Extras"]={"Larger splash"},["Cooldown"]=1,["Damage"]=5},["Image"]=3319084508,["Title"]="Competitive Gear",["Cost"]=2500},{["Stats"]={["Extras"]={"Larger splash"},["Damage"]=10},["Image"]=3319085582,["Title"]="Paintball Champion",["Cost"]=3500}},["Price"]=400,["Class"]="Ground",["Range"]=11,["Hidden"]=false,["Icon"]=6062424209,["Skins"]={["Bunny"]=4863573120,["Red"]=4863572920},["Proc"]=1,["Cooldown"]=2,["Damage"]=2},["Skins"]={"Bunny","Default","Red"}},
["Pyromancer"] = {["Shop"]={["Price"]={["Value"]=1000,["Type"]="Coins"},["Preview"]={["Offset"]=Vector3.new(0, 0, 0),["Zoom"]=1,["Rotation"]=CFrame.new(0, 0, 0, -0.707106829, 0, -0.707106709, 0, 1, 0, 0.707106709, 0, -0.707106829)},["Description"]="Burn multiple enemies at once with damage over time and slight slowness.",["Status"]={["Sale"]=false,["New"]=false}},["Stats"]={["Upgrades"]={{["Stats"]={["Range"]=9,["Extras"]={"More range","Bigger flames"}},["Image"]=3280081327,["Title"]="Improved Handling",["Cost"]=350},{["Stats"]={["Extras"]={"Defense melting"},["Damage"]=1},["Image"]=3304823121,["Title"]="Fire Fighting",["Cost"]=500},{["Stats"]={["Extras"]={"More burn damage","Longer burn time"}},["Image"]=3304823988,["Title"]="Fire Hazard",["Cost"]=1200},{["Stats"]={["Extras"]={"More fire damage","Longer burn time","Double tick speed"},["Damage"]=2},["Image"]=3304824958,["Title"]="Napalm Thrower",["Cost"]=3800},{["Stats"]={["Range"]=11,["Extras"]={"More burn damage","Longer burn time","Bigger flames","More defense melting"}},["Image"]=3304825822,["Title"]="Pyromaniac",["Cost"]=7500}},["Price"]=650,["Class"]="Ground",["Range"]=7,["Hidden"]=false,["Icon"]=6883301271,["Skins"]={["Blue"]=4592601308,["Bunny"]=4863529214,["Scarecrow"]=4133666666,["Hazmat"]=3958491828,["Frost"]=4863434919,["Ghost"]=4863529214,["Valentines"]=4690287263,["Golden"]=3958495139,["Acidic"]=4447248470},["Proc"]=1,["Cooldown"]=0.25,["Damage"]=0},["Skins"]={"Acidic","Barbecue","Blue","Bunny","Default","Frost","Ghost","Golden","Hazmat","Mage","Scarecrow","Valentines","Vigilante"}},
["Ranger"] = {["Shop"]={["Price"]={["Value"]=4500,["Type"]="Coins"},["Preview"]={["Offset"]=Vector3.new(0, 0.25, 0),["Zoom"]=1,["ShadowRadius"]=1,["Rotation"]=CFrame.new(0, 0, 0, -0.906307757, 0, 0.42261833, 0, 1, 0, -0.42261833, 0, -0.906307757)},["Description"]="A long-range cliff tower that deals heavy damage with a railgun.",["Status"]={["Sale"]=false,["New"]=false}},["Stats"]={["Upgrades"]={{["Stats"]={["Range"]=25,["Cooldown"]=4.5},["Image"]=3280081327,["Title"]="Improved Handling",["Cost"]=550},{["Stats"]={["Range"]=30,["Damage"]=100},["Image"]=3381734408,["Title"]="Steady Aiming",["Cost"]=1800},{["Stats"]={["Range"]=35,["Damage"]=165},["Image"]=3381734757,["Title"]="Railgunner",["Cost"]=3500},{["Stats"]={["Cooldown"]=4,["Damage"]=230},["Image"]=3381735232,["Title"]="Trained Assassin",["Cost"]=11500},{["Image"]=3381735846,["Title"]="Cyber Assassin",["Cost"]=22500,["Stats"]={["Cooldown"]=3.5,["Range"]=40,["Damage"]=450},["Description"]={"More damage","More range","Faster firing"}}},["Price"]=3500,["Class"]="Cliff",["Range"]=20,["Hidden"]=false,["Limit"]=10,["Icon"]=6883302449,["Skins"]={["Partisan"]=4629030229,["Blue"]=4863435105,["Bunny"]=4863434919,["Gun Gale"]=4863434919,["Eclipse"]=4088821168,["Black Ops"]=4863435398,["Valentines"]=4690286866,["Frost"]=4863434919,["Green"]=4863434596,["Railgunner"]=3958401842,["Wraith"]=4497120092,["Dark Matter"]=4863434919},["Proc"]=1,["Cooldown"]=5,["Damage"]=60},["Skins"]={"Black Ops","Blue","Bunny","Dark Matter","Default","Eclipse","Frost","Green","Gun Gale","Partisan","Railgunner","Valentines","Wraith"}},
["Commander"] = {["Shop"]={["Price"]={["Value"]=1500,["Type"]="Coins"},["Preview"]={["Offset"]=Vector3.new(0, 0.20000000298023224, 0),["Zoom"]=1,["SkinOffset"]=Vector3.new(0, -0.5, 0),["Rotation"]=CFrame.new(0, 0, 0, -0.707106829, 0, -0.707106709, 0, 1, 0, 0.707106709, 0, -0.707106829)},["Description"]="A support tower that boosts the firerate of towers within its range.",["Status"]={["Sale"]=false,["New"]=false}},["Stats"]={["Upgrades"]={{["Stats"]={["Range"]=14,["Extras"]={"15% firerate buff"}},["Image"]=5525000768,["Title"]="Leadership",["Cost"]=850},{["Stats"]={["Extras"]={"Call to Arms"}},["Image"]=4594880289,["Title"]="Call to Arms",["Cost"]=1800},{["Stats"]={["Extras"]={"20% firerate buff"},["Range"]=16,["Damage"]=6},["Image"]=5525002879,["Title"]="Intense Training",["Cost"]=5500},{["Image"]=5525003528,["Title"]="World Leader",["Cost"]=9000,["Stats"]={["Extras"]={"25% firerate buff"},["Range"]=20,["Damage"]=10},["Description"]={"More range","More damage","25% firerate buff","Higher firerate"}}},["Price"]=650,["Class"]="Ground",["Range"]=12,["Hidden"]=false,["Abilities"]={{["Name"]="Call Of Arms",["Debounce"]=30,["Price"]=300,["Level"]=2,["Icon"]=4594880289}},["Icon"]=6883276917,["Skins"]={["Bloxy"]=4863529214,["General"]=4592583610,["Bunny"]=4863537216,["Gargoyle"]=4592583506,["Eclipse"]=4088821168,["Maid"]=4863537631,["Spring Time"]=4863537631,["Ghost"]=4863529214,["Frost"]=4863529214,["Victorian"]=4592584296,["Green"]=4592583745,["War Lord"]=4592584419,["Galactic"]=4592583367,["Neko"]=4863537631,["Red"]=4592583947},["Proc"]=1,["Cooldown"]=0.5,["Damage"]=4},["Skins"]={"Bloxy","Brisk","Bunny","Default","Ducky","Eclipse","Frost","Galactic","Gargoyle","General","Ghost","Green","Holiday","Lifeguard","Maid","Neko","Pirate","Plushie","Red","Spring Time","Valentines","Victorian","War Lord"}},
["Electroshocker"] = {["Shop"]={["Price"]={["Value"]=3500,["Type"]="Coins"},["Preview"]={["Offset"]=Vector3.new(0, 0, 0),["Zoom"]=1,["Rotation"]=CFrame.new(0, 0, 0, -0.707106829, 0, -0.707106709, 0, 1, 0, 0.707106709, 0, -0.707106829)},["Description"]="Zap! Stun zombies and chain your damage!",["Status"]={["Sale"]=false,["New"]=false}},["Stats"]={["Upgrades"]={{["Stats"]={["Range"]=9},["Image"]=3280081327,["Title"]="Improved Handling",["Cost"]=250},{["Image"]=4675534331,["Title"]="Outside Support",["Cost"]=400,["Stats"]={["Range"]=10,["Hidden"]=true},["Description"]={"Hidden Detection","More range"}},{["Stats"]={["Extras"]={"Longer stuns"},["Damage"]=2},["Image"]=4675521746,["Title"]="Faraday's Vest",["Cost"]=1000},{["Stats"]={["Extras"]={"Increased chaining"},["Cooldown"]=2,["Damage"]=4},["Image"]=4675504505,["Title"]="Lightning Cannon",["Cost"]=3000},{["Stats"]={["Range"]=12,["Extras"]={"Inceased chaining","Longer stuns","Reduce defense"}},["Image"]=4675504640,["Title"]="Shock Force",["Cost"]=6500}},["Price"]=325,["Class"]="Ground",["Range"]=7,["Hidden"]=false,["Limit"]=4,["Icon"]=6883284370,["Skins"]={["Valentines"]=4690285744,["Ghost"]=4961735492,["Hazmat"]=4961735492,["Bunny"]=4863544757},["Proc"]=0.2,["Cooldown"]=3,["Damage"]=0},["Skins"]={"Bunny","Default","Ducky","Ghost","Hazmat","Valentines","Vigilante"}},
["Executioner"] = {["Shop"]={["Status"]={["Sale"]=false,["New"]=false},["Preview"]={["Offset"]=Vector3.new(0, 0, 0),["Zoom"]=1,["Rotation"]=CFrame.new(0, 0, 0, -0.707106829, 0, -0.707106709, 0, 1, 0, 0.707106709, 0, -0.707106829)},["Description"]="Zap! Stun zombies and chain your damage!"},["Stats"]={["Upgrades"]={{["Stats"]={["Range"]=14,["Cooldown"]=2},["Image"]=129697807,["Title"]="Improved Throwing",["Cost"]=250},{["Stats"]={["Damage"]=8},["Image"]=542098553,["Title"]="Double Head Axe",["Cost"]=750},{["Stats"]={["Extras"]={"Bounces: 5"},["Range"]=18,["Damage"]=15},["Image"]=6426220009,["Title"]="Blood Seeking",["Cost"]=2500},{["Stats"]={["Hidden"]=true,["Damage"]=30},["Image"]=27386833,["Title"]="Tactical Ops",["Cost"]=6000},{["Stats"]={["Extras"]={"Bounces: 7"},["Range"]=18,["Damage"]=80},["Image"]=143769378,["Title"]="Head Chopping",["Cost"]=12500}},["Price"]=800,["Class"]="Ground",["Range"]=14,["Limit"]=8,["Icon"]=8010337395,["Hidden"]=false,["Cooldown"]=3,["Damage"]=4},["Skins"]={"Default","Eclipse"}},
["DJ Booth"] = {["Shop"]={["Price"]={["Value"]=3500,["Type"]="Coins"},["Preview"]={["Offset"]=Vector3.new(-0.25, 0, -0.25),["Zoom"]=1,["ShadowRadius"]=1.2,["Rotation"]=CFrame.new(0, 0, 0, -0.939692616, 0, -0.342020154, 0, 1, 0, 0.342020154, 0, -0.939692616)},["Description"]="Who said you couldn't rave during the apocalypse? Buffs ally troop ranges and lowers upgrade prices.",["Status"]={["Sale"]=false,["New"]=false}},["Stats"]={["Upgrades"]={{["Stats"]={["Range"]=17},["Image"]=5523221280,["Title"]="Laptop Studio",["Cost"]=300},{["Stats"]={["Extras"]={"15% range buff"}},["Image"]=5523222880,["Title"]="Party Mode",["Cost"]=850},{["Stats"]={["Range"]=18,["Extras"]={"10% discount buff"}},["Image"]=5523224020,["Title"]="Thrifty Music",["Cost"]=2500},{["Stats"]={["Range"]=18,["Extras"]={"25% range buff"}},["Image"]=5523225033,["Title"]="Audio Visualizer",["Cost"]=4000},{["Stats"]={["Range"]=20,["Extras"]={"35% range buff","20% discount buff"}},["Image"]=5523225756,["Title"]="Apocalypse Rave",["Cost"]=9000}},["Price"]=600,["Class"]="Ground",["Range"]=15,["Hidden"]=false,["Limit"]=1,["Icon"]=6883283154,["Skins"]={["Neon Rave"]=4343065951,["Neko"]=4343065951,["Ghost"]=4343065951},["Proc"]=0,["Cooldown"]=0,["Damage"]=0},["Skins"]={"Default","Ghost","Neko","Neon Rave","Plushie"}},
["Medic"] = {["Shop"]={["Price"]={["Value"]=1500,["Type"]="Coins"},["Preview"]={["Offset"]=Vector3.new(0, 0, 0),["Zoom"]=1,["Rotation"]=CFrame.new(0, 0, 0, -0.866025388, 0, 0.50000006, 0, 1, 0, -0.50000006, 0, -0.866025388)},["Description"]="A support tower that heals the base 5 HP per wave. At max, cleanses stunned towers.",["Status"]={["Sale"]=false,["New"]=false}},["Stats"]={["Upgrades"]={{["Stats"]={["Range"]=11,["Damage"]=3},["Image"]=4119547116,["Title"]="Medical Precautions",["Cost"]=400},{["Stats"]={["Extras"]={"Increased healings"},["Cooldown"]=0.8,["Range"]=12,["Damage"]=6},["Image"]=4119547593,["Title"]="Prescribed Vitamins",["Cost"]=900},{["Stats"]={["Hidden"]=true,["Range"]=15,["Damage"]=6},["Image"]=4119548000,["Title"]="BIG BRAIN",["Cost"]=2400},{["Stats"]={["Extras"]={"Increased healing"},["Cooldown"]=0.65,["Range"]=16,["Damage"]=8},["Image"]=4119548431,["Title"]="Medical Pack",["Cost"]=4500},{["Stats"]={["Range"]=18,["Cooldown"]=0.3},["Image"]=4119548907,["Title"]="Goddess of Healing",["Cost"]=6500}},["Price"]=900,["Class"]="Ground",["Range"]=10,["Abilities"]={{["Name"]="Cleansing",["Debounce"]=30,["Price"]=0,["Level"]=5,["Icon"]=231100685}},["Icon"]=6883293238,["Hidden"]=false,["Proc"]=1,["Cooldown"]=1,["Damage"]=2},["Skins"]={"Bunny","Cyber","Default","Stranded","Valentines","Witch"}},
["Rocketeer"] = {["Shop"]={["Price"]={["Value"]=2500,["Type"]="Coins"},["Preview"]={["Offset"]=Vector3.new(0, 0, 0),["Zoom"]=1,["Rotation"]=CFrame.new(0, 0, 0, -0.819152057, 0, -0.573576391, 0, 1, 0, 0.573576391, 0, -0.819152057)},["Description"]="Shoot fast rockets that deal large damage, in a large radius!",["Status"]={["Sale"]=false,["New"]=false}},["Stats"]={["Upgrades"]={{["Stats"]={["Cooldown"]=5},["Image"]=5523197925,["Title"]="Faster Reloading",["Cost"]=350},{["Stats"]={["Range"]=20},["Image"]=5523199083,["Title"]="Aiming Practice",["Cost"]=600},{["Stats"]={["Extras"]={"Larger explosion"},["Cooldown"]=4.5,["Damage"]=20},["Image"]=5523200004,["Title"]="Explosive Risks",["Cost"]=2800},{["Stats"]={["Extras"]={"Larger explosion"},["Range"]=28,["Damage"]=40},["Image"]=5523202707,["Title"]="Artillery Cannon",["Cost"]=7500}},["Price"]=850,["Class"]="Ground",["Range"]=16,["Hidden"]=false,["Limit"]=8,["Icon"]=6883303417,["Skins"]={["Pumpkin"]=4125595492,["Toy"]=4793478027,["Xmas"]=4538504813,["Bosanka"]=4401331012,["Dark Matter"]=4066014783,["Steampunk"]=4497120263},["Proc"]=1,["Cooldown"]=6,["Damage"]=8},["Skins"]={"Bosanka","Dark Matter","Default","DefaultOld","Pumpkin","Steampunk","Toy","Xmas"}},
["Slasher"] = {["Shop"]={["Status"]={["Sale"]=false,["New"]=false},["Preview"]={["Offset"]=Vector3.new(0, 0, 0),["Zoom"]=1,["Rotation"]=CFrame.new(0, 0, 0, -0.707106829, 0, -0.707106709, 0, 1, 0, 0.707106709, 0, -0.707106829)},["Description"]="Stabs nearby enemies and throws knives, dealing piercing damage. Won from beating Halloween 2019."},["Stats"]={["Upgrades"]={{["Stats"]={["Cooldown"]=0.8,["Damage"]=4},["Image"]=4157646701,["Title"]="Thinner Blade",["Cost"]=250},{["Stats"]={["Extras"]={"Knife throw"},["Range"]=6,["Hidden"]=true},["Image"]=4157647195,["Title"]="Blood Sense",["Cost"]=300},{["Stats"]={["Cooldown"]=0.5,["Damage"]=6},["Image"]=4157647659,["Title"]="Dual Wield",["Cost"]=1350},{["Stats"]={["Extras"]={"Triple knife throw"},["Cooldown"]=0.35,["Damage"]=10},["Image"]=4157648765,["Title"]="Deadly Assassin",["Cost"]=3500}},["Price"]=400,["Class"]="Ground",["Range"]=5,["Hidden"]=false,["Icon"]=6883306438,["Skins"]={["Spooky"]=4863591974,["Spring Time"]=4863591974},["Proc"]=0.5,["Cooldown"]=1,["Damage"]=3},["Skins"]={"Default","Spooky","Spring Time"}},
["Militant"] = {["Shop"]={["Price"]={["Value"]=1800,["Type"]="Coins"},["Preview"]={["Offset"]=Vector3.new(0, 0, 0),["Zoom"]=1,["Rotation"]=CFrame.new(0, 0, 0, -0.707106829, 0, -0.707106709, 0, 1, 0, 0.707106709, 0, -0.707106829)},["Description"]="Work in progress. Damage buff TEMP disabled.",["Status"]={["Sale"]=false,["New"]=false}},["Stats"]={["Upgrades"]={{["Stats"]={["Range"]=17,["Hidden"]=true},["Image"]=5523212631,["Title"]="Radio Comms",["Cost"]=250},{["Stats"]={["Cooldown"]=0.2,["Damage"]=2},["Image"]=5523215135,["Title"]="Bigger Rifle",["Cost"]=1500},{["Stats"]={["Range"]=19,["Cooldown"]=0.18,["Damage"]=4},["Image"]=5523216332,["Title"]="Upskill",["Cost"]=3500},{["Stats"]={["Range"]=21,["Cooldown"]=0.15,["Damage"]=7},["Image"]=5523217773,["Title"]="Stealth Mercenary",["Cost"]=7500}},["Price"]=800,["Class"]="Ground",["Range"]=14,["Hidden"]=false,["Icon"]=9391813225,["Skins"]={["Ace Pilot"]=3958831177,["Hazmat"]=3958831177,["John"]=3958831177,["Ghost"]=3958831177},["Proc"]=0.4,["Cooldown"]=0.25,["Damage"]=1},["Skins"]={"Ace Pilot","Arsenal","Beach","Chocolatier","Default","Ducky","Ghost","Hazmat","John","Lumberjack","Pumpkin"}},
["Military Base"] = {["Shop"]={["Price"]={["Value"]=2750,["Type"]="Coins"},["Preview"]={["Offset"]=Vector3.new(0, -1.7999999523162842, -20),["Zoom"]=3.5,["ShadowRadius"]=0,["Rotation"]=CFrame.new(0, 0, 0, -0.939692616, 0, -0.342020154, 0, 1, 0, 0.342020154, 0, -0.939692616)},["Description"]="Send out a vehicle every couple of seconds to run over and shoot enemies.",["Status"]={["Sale"]=false,["New"]=false}},["Stats"]={["Upgrades"]={{["Image"]=3877874591,["Title"]="Mechanics",["Cost"]=200,["Stats"]={["SpawnTime"]=40},["Description"]={"Faster spawning"}},{["Stats"]={["Extras"]={"More health"}},["Image"]=3877875003,["Title"]="Barbed Wire",["Cost"]=400},{["Stats"]={["Extras"]={"Gunner"}},["Image"]=3877873543,["Title"]="Mounted Gunner",["Cost"]=1200},{["Stats"]={["Extras"]={"More health","More damage","Explosive shells"}},["Image"]=3444568329,["Title"]="Tank",["Cost"]=6000},{["Stats"]={["Extras"]={"More health","More damage","Stronger explosions"}},["Image"]=3444568580,["Title"]="Railgun Tank",["Cost"]=26000}},["SpawnTime"]=60,["Class"]="Ground",["Range"]=0,["ring_size"]=3,["Price"]=400,["Icon"]=6883295548,["Limit"]=5,["Hidden"]=false,["Skins"]={["Classic"]=3877874187},["Proc"]=0,["Cooldown"]=0,["Damage"]=0},["Skins"]={"Classic","Default"}},
["Farm"] = {["Shop"]={["Price"]={["Value"]=1250,["Type"]="Coins"},["Preview"]={["Offset"]=Vector3.new(0, 0.20000000298023224, -5),["Zoom"]=3.5,["ShadowRadius"]=3,["Rotation"]=CFrame.new(0, 0, 0, -0.766044378, 0, -0.642787635, -0.219846323, 0.939692616, 0.262002587, 0.604022801, 0.342020124, -0.719846249)},["Description"]="Earn extra cash per wave. The higher the upgrade, the higher the income.",["Status"]={["Sale"]=false,["New"]=false}},["Stats"]={["Cash"]=50,["Upgrades"]={{["Stats"]={["Income"]=100},["Image"]=3294497195,["Title"]="Carrot Farm",["Cost"]=200},{["Stats"]={["Income"]=250},["Image"]=3294496318,["Title"]="Wheat Farm",["Cost"]=550},{["Stats"]={["Income"]=500},["Image"]=3294498124,["Title"]="Tree Farm",["Cost"]=1000},{["Stats"]={["Income"]=750},["Image"]=3294499153,["Title"]="Apple Farm",["Cost"]=2500},{["Stats"]={["Income"]=1500},["Image"]=3294500097,["Title"]="Space Fruit Farm",["Cost"]=5000}},["Price"]=250,["Class"]="Ground",["Range"]=3,["ring_size"]=3,["Hidden"]=false,["Icon"]=6883286151,["Income"]=50,["Limit"]=8,["Skins"]={["Arcade"]=4056868908,["Present"]=4863529214,["Xmas"]=4538507361,["Tycoon"]=5083394605,["Graveyard"]=4863529214,["Vendor"]=4863529214},["Proc"]=0,["Cooldown"]=0,["Damage"]=0},["Skins"]={"Arcade","Crypto","Default","Ducky","Graveyard","Pirate","Present","Tycoon","Vendor","Xmas"}},
["Crook Boss"] = {["Shop"]={["Price"]={["Value"]=400,["Type"]="Robux"},["Preview"]={["Offset"]=Vector3.new(0, 0, 0),["Zoom"]=1,["Rotation"]=CFrame.new(0, 0, 0, -0.707106769, 0, 0.707106769, 0, 1, 0, -0.707106769, 0, -0.707106769)},["Description"]="Command henchmen to fight for you while looking cool! Unlockable at Lv. 30",["Status"]={["Sale"]=false,["New"]=false}},["Stats"]={["Upgrades"]={{["Stats"]={["Damage"]=3},["Image"]=3032133716,["Title"]="9mm Caliber",["Cost"]=300},{["Stats"]={["SpawnTime"]=45,["Extras"]={"Guards"},["Range"]=11,["Hidden"]=true},["Image"]=3444643559,["Title"]="Eyes Everywhere",["Cost"]=800},{["Stats"]={["Extras"]={"x2 guards"},["Range"]=13,["Cooldown"]=0.2},["Image"]=3838914605,["Title"]="Better Armed",["Cost"]=1500},{["Stats"]={["Extras"]={"Stronger guards"},["Cooldown"]=0.15,["Range"]=15,["Damage"]=7},["Image"]=3444644903,["Title"]="Most Wanted",["Cost"]=9000}},["SpawnTime"]=60,["Class"]="Ground",["Range"]=10,["Hidden"]=false,["Icon"]=6883280552,["Limit"]=4,["Price"]=650,["Skins"]={["Golden"]=4221837486,["Demon"]=4221838067,["Checker"]=4343073579,["Spooky"]=4592599925,["Xmas"]=4538506451,["Soviet"]=4592599925,["Blue"]=4592648399,["Red"]=4592599925},["Proc"]=0.4,["Cooldown"]=0.8,["Damage"]=2},["Skins"]={"Blue","Checker","Cupid","Default","Demon","Golden","Holiday","Intern","Pirate","Red","Soviet","Spooky","Xmas"}},
["Mortar"] = {["Shop"]={["Price"]={["Value"]=750,["Type"]="Robux"},["Preview"]={["Offset"]=Vector3.new(0, 0.25, 0),["Zoom"]=1,["Rotation"]=CFrame.new(0, 0, 0, -0.707106829, 0, -0.707106709, 0, 1, 0, 0.707106709, 0, -0.707106829)},["Description"]="Rain fire from above! Deals extremely high splash damage! Unlockable at Lv. 75",["Status"]={["Sale"]=false,["New"]=false}},["Stats"]={["Upgrades"]={{["Stats"]={["Range"]=25},["Image"]=4538447265,["Title"]="Improved Handling",["Cost"]=250},{["Stats"]={["Cooldown"]=4.5},["Image"]=4538447347,["Title"]="Quick Reloading",["Cost"]=400},{["Stats"]={["Damage"]=15},["Image"]=4538447424,["Title"]="Bigger Cannon",["Cost"]=3000},{["Stats"]={["Extras"]={"Larger explosion"},["Damage"]=25},["Image"]=4538447493,["Title"]="Stronger Shells",["Cost"]=7200},{["Stats"]={["Extras"]={"Larger explosion"},["Cooldown"]=3,["Range"]=30,["Damage"]=60},["Image"]=4538447579,["Title"]="Nuclear Devastation",["Cost"]=12000}},["Price"]=400,["Class"]="Cliff",["Range"]=22,["Hidden"]=false,["Limit"]=5,["Icon"]=6883297964,["Skins"]={["Eclipse"]=4088821168,["Bunny"]=4863584523},["Proc"]=1,["Cooldown"]=5,["Damage"]=5},["Skins"]={"Bunny","Default","DefaultOld","Ducky","Eclipse","Pirate","Vigilante"}},
["Turret"] = {["Shop"]={["Price"]={["Value"]=800,["Type"]="Robux"},["Preview"]={["Offset"]=Vector3.new(-0.10000000149011612, -1.600000023841858, -20),["Zoom"]=4,["Rotation"]=CFrame.new(0, 0, 0, -0.819151998, 0, -0.57357651, -0.0499904864, 0.99619472, 0.0713937953, 0.571393907, 0.087155737, -0.816034913)},["Description"]="Shoots extremely strong bullets and chews bosses. Unlockable at Lv. 50",["Status"]={["Sale"]=false,["New"]=false}},["Stats"]={["Upgrades"]={{["Image"]=149177741,["Title"]="Radar",["Cost"]=500,["Stats"]={["Range"]=18},["Description"]={"More range"}},{["Image"]=149177741,["Title"]="Stronger Ammunition",["Cost"]=2000,["Stats"]={["Range"]=19,["Damage"]=13},["Description"]={"More range","More damage"}},{["Stats"]={["Hidden"]=true,["Range"]=21,["Cooldown"]=0.375},["Image"]=3584258139,["Title"]="Dual Turret",["Cost"]=5000},{["Image"]=3584280869,["Title"]="Even Heavier Ammo",["Cost"]=12500,["Stats"]={["Range"]=24,["Cooldown"]=0.2},["Description"]={"More range","Faster firerate"}},{["Stats"]={["Range"]=26,["Damage"]=25},["Image"]=3584258608,["Title"]="Double Barrel Minigun",["Cost"]=20000}},["Price"]=4000,["Class"]="Ground",["Range"]=16,["Hidden"]=false,["Limit"]=5,["Icon"]=6883316595,["Skins"]={["XR300"]=4629030932,["XR500"]=4071738215},["Proc"]=0.5,["Cooldown"]=0.5,["Damage"]=6},["Skins"]={"Default","XR300","XR500"}},
["Elf Camp"] = {["Shop"]={["Price"]={["Value"]=2750,["Type"]="Coins"},["Preview"]={["Offset"]=Vector3.new(0, -3, -40),["Zoom"]=3.5,["Rotation"]=CFrame.new(0, 0, 0, -0.766044378, 0, -0.642787635, -0.219846323, 0.939692616, 0.262002587, 0.604022801, 0.342020124, -0.719846249)},["Description"]="	",["Status"]={["Sale"]=false,["New"]=false}},["Stats"]={["Upgrades"]={{["Stats"]={["SpawnTime"]=40,["Extras"]={"Faster spawning"}},["Image"]=11756694085,["Title"]="Winter Training",["Cost"]=150},{["Stats"]={["Extras"]={"Snowball Elfs"}},["Image"]=11866247025,["Title"]="Snowball Fight",["Cost"]=325},{["Stats"]={["Extras"]={"Bomber Elfs"}},["Image"]=11866247585,["Title"]="Explosive Surprise",["Cost"]=1500},{["Stats"]={["Extras"]={"Guardian Elfs","Cannoneer Elfs"}},["Image"]=11866248209,["Title"]="Winter Workshop",["Cost"]=3500},{["Stats"]={["Extras"]={"Ripped Elfs","Gift Bombers","Gunner Elfs"}},["Image"]=11866248664,["Title"]="X-Mas Army",["Cost"]=9500}},["SpawnTime"]=15,["Class"]="Ground",["Range"]=0,["ring_size"]=3,["Icon"]=11866257745,["Limit"]=2,["Hidden"]=false,["Price"]=300,["Proc"]=0,["Cooldown"]=0,["Damage"]=0},["Skins"]={"Default"}},
["Ace Pilot"] = {["Shop"]={["Price"]={["Value"]=1500,["Type"]="Coins"},["Preview"]={["Offset"]=Vector3.new(0, 0, -2),["Zoom"]=5,["ShadowRadius"]=1.5,["Rotation"]=CFrame.new(0, 0, 0, -0.939692616, 0, -0.342020154, 0, 1, 0, 0.342020154, 0, -0.939692616)},["Description"]="Flies in a circular path, shooting enemies in its line of fire and droppiong bombs.",["Status"]={["Sale"]=false,["New"]=false}},["Stats"]={["Upgrades"]={{["Stats"]={["Damage"]=2},["Image"]=3577061449,["Title"]="Better bullets",["Cost"]=250},{["Stats"]={["Range"]=8,["Extras"]={"Bomb dropping"}},["Image"]=5525754186,["Title"]="Bombs away!",["Cost"]=350},{["Image"]=5525748117,["Title"]="Aerial  Ace",["Cost"]=1500,["Stats"]={["Cooldown"]=0.1,["Damage"]=4},["Description"]={"More range","More damage","Faster firerate"}},{["Stats"]={["Extras"]={"Stronger bombs","Nearby towers get HD at the start of a wave."},["Hidden"]=true,["Damage"]=6},["Image"]=5525748988,["Title"]="Spy plane",["Cost"]=3600},{["Image"]=5525749418,["Title"]="Air fighter",["Cost"]=7500,["Stats"]={["Range"]=10,["Cooldown"]=0.05,["Damage"]=9},["Description"]={"More range","More damage","Faster firerate","Even stronger bombs"}}},["Price"]=500,["Class"]="Flying",["Range"]=7,["ring_size"]=2.5,["Skins"]={["Navy"]=4088821168,["Pumpkin"]=4088821168,["Green"]=4088821168,["Red"]=4088821168,["Yellow"]=4088821168,["Aerial Ace"]=4088821168,["Purple"]=4088821168},["Icon"]=6883274271,["Limit"]=10,["Hidden"]=false,["Immutable"]=true,["Proc"]=0.4,["Cooldown"]=0.15,["Damage"]=1},["Skins"]={"Aerial Ace","Default","Green","Navy","Pumpkin","Purple","Red","Yellow"}},
["Pursuit"] = {["Shop"]={["Price"]={["Value"]=1500,["Type"]="Robux"},["Preview"]={["Offset"]=Vector3.new(-0.5, 0.10000000149011612, -2),["Zoom"]=3,["ShadowRadius"]=1.5,["Rotation"]=CFrame.new(0, 0, 0, -0.939692616, 0, -0.342020154, 0, 1, 0, 0.342020154, 0, -0.939692616)},["Description"]="Roger that! A vehicle that follows a path and follows enemies. Unlockable at Lv. 100",["Status"]={["Sale"]=false,["New"]=true}},["Stats"]={["Upgrades"]={{["Stats"]={["Damage"]=2},["Image"]=3577061449,["Title"]="Armor Penetration",["Cost"]=500},{["Stats"]={["Extras"]={"Missiles","5 second reload"}},["Image"]=5528331895,["Title"]="Missiles",["Cost"]=650},{["Image"]=5528336509,["Title"]="Tri-Barrel Minigun",["Cost"]=1500,["Stats"]={["Extras"]={"Stronger explosions"},["Cooldown"]=0.15,["Range"]=10},["Description"]={"More range","Double firerate"}},{["Stats"]={["Extras"]={"More missiles"},["Damage"]=4},["Image"]=5528337682,["Title"]="Huey",["Cost"]=6000},{["Stats"]={["Extras"]={"More missiles"},["Hidden"]=true,["Range"]=12,["Cooldown"]=0.1,["Damage"]=8},["Image"]=5528341233,["Title"]="Laser Apache",["Cost"]=9500}},["Price"]=1000,["Class"]="Flying",["Range"]=9,["ring_size"]=2.5,["Icon"]=6883300079,["Limit"]=10,["Hidden"]=false,["Immutable"]=true,["Proc"]=0.4,["Cooldown"]=0.3,["Damage"]=1},["Skins"]={"Default"}},
["War Machine"] = {["Shop"]={["Status"]={["Sale"]=false,["New"]=false},["Preview"]={["Offset"]=Vector3.new(0, 0, 0),["Zoom"]=1,["Rotation"]=CFrame.new(0, 0, 0, -0.707106829, 0, -0.707106709, 0, 1, 0, 0.707106709, 0, -0.707106829)},["Description"]="A one man army. Utilizes an exoskeleton to shoot 2 miniguns and launch missiles."},["Stats"]={["Upgrades"]={{["Stats"]={["Range"]=18},["Image"]=4989372339,["Title"]="IMPROVED HANDLING",["Cost"]=250},{["Stats"]={["Extras"]={"Missile","20 damage","5 sec reload"},["Range"]=22,["Damage"]=2},["Image"]=4989372568,["Title"]="STARK MISSILE",["Cost"]=650},{["Stats"]={["Extras"]={"Nearby troops get 10% DMG buff"},["Damage"]=4},["Image"]=3584258139,["Title"]="EPIC ARMOR PLATING",["Cost"]=5000},{["Stats"]={["Extras"]={"Quad Missile Launcher","25 damage","Bigger boom"},["Range"]=24,["Damage"]=10},["Image"]=4989373124,["Title"]="ULTRA CHARGED BODY ARMOR",["Cost"]=12500},{["Stats"]={["Extras"]={"Faster missile reloading","Nearby troops get 20% DMG buff"},["Range"]=26,["Damage"]=18},["Image"]=4989373460,["Title"]="To The Void and Back",["Cost"]=75000}},["Price"]=2000,["Class"]="Ground",["Range"]=12,["Limit"]=10,["Icon"]=6883317252,["Hidden"]=false,["Cooldown"]=0.1,["Damage"]=1},["Skins"]={"Default"}},
["Mecha Base"] = {["Shop"]={["Status"]={["Sale"]=false,["New"]=true},["Preview"]={["Offset"]=Vector3.new(0, 0.5, 0),["Zoom"]=4.5,["Rotation"]=CFrame.new(0, 0, 0, 0.707106769, 0, -0.707106769, 0, 1, 0, 0.707106769, 0, 0.707106769)},["Description"]="Send out a mecha every couple of seconds to run over and shoot zombies."},["Stats"]={["Upgrades"]={{["Description"]={"Remind to remake stats"},["Image"]=4119547116,["Title"]="Mechanics",["Cost"]=400},{["Description"]={"Remind to remake stats"},["Image"]=4119547593,["Title"]="Missile Launcher",["Cost"]=900},{["Description"]={"Remind to remake stats"},["Image"]=4119548000,["Title"]="Minigun Mech",["Cost"]=2400},{["Description"]={"Remind to remake stats"},["Image"]=4119548431,["Title"]="Destroyer Mech",["Cost"]=4500},{["Description"]={"Remind to remake stats"},["Image"]=4119548907,["Title"]="Void Walker",["Cost"]=6500}},["SpawnTime"]=60,["Class"]="Ground",["Range"]=3,["ring_size"]=3,["Icon"]=6883292239,["Limit"]=4,["Hidden"]=false,["Price"]=5000,["Proc"]=0,["Cooldown"]=0.5,["Damage"]=0},["Skins"]={"Default"}},
["Commando"] = {["Shop"]={["Status"]={["Sale"]=false,["New"]=false},["Preview"]={["Offset"]=Vector3.new(0, 0, 0),["Zoom"]=1,["Rotation"]=CFrame.new(0, 0, 0, -0.707106829, 0, -0.707106709, 0, 1, 0, 0.707106709, 0, -0.707106829)},["Description"]="Shoots enemies with dual laser guns and launches missiles. Won from the Area 51 event."},["Stats"]={["Upgrades"]={{["Stats"]={["Range"]=14},["Image"]=3615110168,["Title"]="Radar Pack",["Cost"]=350},{["Stats"]={["Range"]=16,["Extras"]={"Missile launcher"}},["Image"]=3615110536,["Title"]="Disposable Missile",["Cost"]=700},{["Stats"]={["Range"]=17,["Damage"]=4},["Image"]=3615110964,["Title"]="Recon Armor",["Cost"]=2000},{["Stats"]={["Extras"]={"Quad missiles"},["Range"]=19,["Damage"]=10},["Image"]=3615111324,["Title"]="Quad Launcher",["Cost"]=7500},{["Stats"]={["Extras"]={"Really cool armor"},["Range"]=22,["Damage"]=22},["Image"]=3615112120,["Title"]="Flex Armor",["Cost"]=10000}},["Price"]=1600,["Class"]="Ground",["Range"]=12,["Hidden"]=false,["Icon"]=6883277870,["Skins"]={["Pirate"]=4056859560},["Proc"]=1,["Cooldown"]=0.5,["Damage"]=2},["Skins"]={"Default","Pirate"}},
["Warden"] = {["Shop"]={["GamepassInfo"]={["Id"]=7104817},["Description"]="Hit and stun nearby enemies with a baton! Deals critical hits every 3rd swing.",["Status"]={["Sale"]=false,["New"]=true},["Price"]={["Value"]=4000,["Type"]="Coins"},["Preview"]={["Offset"]=Vector3.new(0, 0, 0),["Zoom"]=1,["Rotation"]=CFrame.new(0, 0, 0, -0.707106829, 0, -0.707106709, 0, 1, 0, 0.707106709, 0, -0.707106829)},["Eligible"]="function: 0x00000000397afbe6",["MapLocked"]="Pizza Party"},["Stats"]={["Upgrades"]={{["Stats"]={["Hidden"]=true,["Cooldown"]=1,["Damage"]=8},["Image"]=11415010529,["Title"]="Night Shift",["Cost"]=350},{["Stats"]={["Range"]=6,["Cooldown"]=0.8,["Damage"]=12},["Image"]=11415012702,["Title"]="Heavier Stick",["Cost"]=1250},{["Stats"]={["Extras"]={"Lead Breaking","Stun Enemies"},["Damage"]=30},["Image"]=11415014676,["Title"]="Stunning Blows",["Cost"]=5000},{["Stats"]={["Extras"]={"Riot Shield","Longer Stuns"},["Range"]=7,["Damage"]=80},["Image"]=11415015418,["Title"]="Riot Control",["Cost"]=13500}},["Price"]=500,["Class"]="Ground",["Range"]=5,["Icon"]=11415034651,["Hidden"]=false,["Proc"]=1,["Cooldown"]=1.2,["Damage"]=5},["Skins"]={"Baseball","Default","Ducky","Pirate","Slaughter"}},
["Operator"] = {["Shop"]={["Status"]={["Sale"]=false,["New"]=false},["Preview"]={["Offset"]=Vector3.new(0, 0, 0),["Zoom"]=1,["Rotation"]=CFrame.new(0, 0, 0, -0.707106829, 0, -0.707106709, 0, 1, 0, 0.707106709, 0, -0.707106829)},["Description"]="Test"},["Stats"]={["Upgrades"]={{["Description"]={"More range"},["Image"]=3278746120,["Title"]="Laser Sight",["Cost"]=50},{["Description"]={"More range","Hidden detection"},["Image"]=3278749117,["Title"]="Precise Aiming",["Cost"]=85},{["Description"]={"More damage"},["Image"]=3278750530,["Title"]="Stronger Bullets",["Cost"]=250},{["Description"]={"Faster firerate"},["Image"]=3278741672,["Title"]="Double Tap",["Cost"]=600},{["Description"]={"More damage","More range","Faster firerate"},["Image"]=3279537687,["Title"]="Professional Field Operator",["Cost"]=1000}},["Price"]=400,["Class"]="Ground",["Range"]=12,["Icon"]=4863401308,["Hidden"]=false,["Proc"]=1,["Cooldown"]=1.5,["Damage"]=4},["Skins"]={"Default"}},
["Gladiator"] = {["Shop"]={["Status"]={["Sale"]=false,["New"]=false},["Preview"]={["Offset"]=Vector3.new(0, 0, 0),["Zoom"]=1,["Rotation"]=CFrame.new(0, 0, 0, -0.707106829, 0, -0.707106709, 0, 1, 0, 0.707106709, 0, -0.707106829)},["Description"]="Slash nearby enemies and deal area damage. Won from beating Gladiator Event 2019"},["Stats"]={["Upgrades"]={{["Stats"]={["Damage"]=3},["Image"]=3356186535,["Title"]="Warrior Armor",["Cost"]=250},{["Stats"]={["Hidden"]=true,["Damage"]=5},["Image"]=141745478,["Title"]="Dangersense",["Cost"]=500},{["Stats"]={["Extras"]={"Warrior's Call"},["Damage"]=10},["Image"]=4118882122,["Title"]="Extra Protection",["Cost"]=1500},{["Stats"]={["Cooldown"]=0.75,["Damage"]=25},["Image"]=16620737,["Title"]="Illumina",["Cost"]=2500},{["Image"]=16868189,["Title"]="Darkheart Swordsman",["Cost"]=6000,["Stats"]={["Range"]=6,["Cooldown"]=0.5,["Damage"]=40},["Description"]={"More damage","More range","Faster swinging"}}},["Price"]=300,["Class"]="Ground",["Range"]=5,["Hidden"]=false,["Abilities"]={{["Name"]="Warrior's Call",["Debounce"]=30,["Price"]=0,["Level"]=3,["Icon"]=4118870230}},["Icon"]=6883289853,["Skins"]={["Pumpkin"]=5084589873,["Demon"]=5084589873,["Slugger"]=5084589873},["Proc"]=1,["Cooldown"]=1,["Damage"]=2},["Skins"]={"Beach","Default","Demon","Pirate","Pumpkin","Slugger","Umbrella","Vigilante"}},
