data = {
    ["UnicornIslandWelcome"] = {
        ["steps"] = {
            CFrame.new(
                -1489.5293,
                162.616898,
                -17167.6348,
                0.98879981,
                0.00519420486,
                -0.149157777,
                -4.65661287e-10,
                0.999394238,
                0.0348024629,
                0.149248183,
                -0.0344126672,
                0.988200784
            ),
            CFrame.new(
                -1634.60437,
                166.21579,
                -17894.1152,
                0.999952257,
                -0.00043035514,
                -0.00976522546,
                -0,
                0.999030352,
                -0.0440274365,
                0.00977470353,
                0.0440253355,
                0.998982608
            ),
            CFrame.new(
                -1611.30835,
                163.421265,
                -18030.916,
                0.647735953,
                0.0958165824,
                -0.755815744,
                -0,
                0.992060065,
                0.12576583,
                0.76186496,
                -0.0814630464,
                0.642592907
            ),
            CFrame.new(
                -2234.97168,
                208.590164,
                -18014.0547,
                0.553040922,
                -0.141615093,
                0.821030378,
                7.45058149e-09,
                0.98544848,
                0.169974655,
                -0.833154202,
                -0.0940029323,
                0.544993281
            ),
            CFrame.new(
                -2891.03027,
                146.352966,
                -19924.1465,
                0.725881696,
                -0.0741930604,
                0.68380636,
                -3.72529074e-09,
                0.994165301,
                0.107867032,
                -0.6878196,
                -0.0782987028,
                0.721646369
            ),
            CFrame.new(
                -6606.87744,
                73.6962357,
                -10727.9395,
                -0.885450006,
                0.123322688,
                -0.448073536,
                -7.4505806e-09,
                0.964149117,
                0.265361458,
                0.464734763,
                0.234964311,
                -0.853705704
            ),
            CFrame.new(
                -1567.11072,
                165.355392,
                -18092.6699,
                -0.948862016,
                0.0451765582,
                -0.312442213,
                -0,
                0.989707828,
                0.14310354,
                0.315691411,
                0.13578552,
                -0.939095974
            ),
            CFrame.new(
                -1427.05029,
                168.514648,
                -17350.5957,
                -0.860799611,
                -0.108976468,
                0.49713999,
                -7.45057971e-09,
                0.976806879,
                0.214122683,
                -0.508944035,
                0.184316725,
                -0.840834975
            )
        }
    },
    ["ForestIslandWelcome"] = {
        ["steps"] = {
            CFrame.new(
                -7220.88965,
                37.1737137,
                4584.98828,
                0.379041731,
                0.0216956735,
                0.925125241,
                -0,
                0.999725163,
                -0.0234451592,
                -0.925379634,
                0.00888669398,
                0.378937542
            ),
            CFrame.new(
                -7399.04395,
                33.7491493,
                4488.45264,
                -0.0488652401,
                -0.0382795259,
                0.998071611,
                -0,
                0.999265432,
                0.038325306,
                -0.998805463,
                0.00187277526,
                -0.0488293357
            ),
            CFrame.new(
                -7515.11963,
                58.8782578,
                4252.2583,
                0.630555212,
                -0.143654332,
                0.762734294,
                -7.4505806e-09,
                0.982722163,
                0.185087129,
                -0.776144385,
                -0.11670766,
                0.619660616
            ),
            CFrame.new(
                -7810.92676,
                49.6408463,
                3999.88501,
                0.0610203743,
                0.0859751776,
                0.994426847,
                -0,
                0.996283412,
                -0.0861356929,
                -0.99813652,
                0.00525603211,
                0.0607935898
            ),
            CFrame.new(
                -7220.88965,
                37.1737137,
                4584.98828,
                0.379041731,
                0.0216956735,
                0.925125241,
                -0,
                0.999725163,
                -0.0234451592,
                -0.925379634,
                0.00888669398,
                0.378937542
            )
        }
    },
    ["MainlandWelcome"] = {
        ["steps"] = {
            CFrame.new(
                -73.15802,
                198.046097,
                -1013.04413,
                -0.994640708,
                0.0286477543,
                -0.0993446335,
                3.72529119e-09,
                0.960847735,
                0.277077079,
                0.103392713,
                0.275592148,
                -0.955698133
            ),
            CFrame.new(
                57.9557686,
                26.9739571,
                -474.374908,
                -0.498061597,
                -0.208217219,
                0.841772199,
                -0,
                0.970743656,
                0.24011901,
                -0.867141724,
                0.11959406,
                -0.48349005
            ),
            CFrame.new(
                -53.5809937,
                22.6137905,
                -572.42688,
                0.216712862,
                -0.154287979,
                0.963966131,
                -0,
                0.987432122,
                0.158043817,
                -0.976235449,
                -0.034250129,
                0.213989213
            ),
            CFrame.new(
                158.156387,
                29.0054379,
                -287.853455,
                -0.988233328,
                -7.29338853e-06,
                -0.152953774,
                -0,
                1,
                -4.7683614e-05,
                0.152953774,
                -4.71225358e-05,
                -0.988233328
            ),
            CFrame.new(
                -260.789612,
                80.3364105,
                -266.611938,
                -0.946644962,
                0.0588289797,
                -0.316863745,
                -0,
                0.983198345,
                0.182540745,
                0.322278619,
                0.172801271,
                -0.930739582
            ),
            CFrame.new(
                194.610077,
                223.324066,
                553.997375,
                -0.0551091172,
                -0.180679426,
                0.981996953,
                -0,
                0.9834916,
                0.180954412,
                -0.99848038,
                0.00997223798,
                -0.0541993491
            ),
            CFrame.new(
                -26.0877228,
                26.4135914,
                -887.609558,
                -0.859478593,
                -0.034278933,
                -0.51002115,
                1.86264515e-09,
                0.997749031,
                -0.0670595095,
                0.511171818,
                -0.0576362126,
                -0.857543826
            )
        }
    },
    ["HenryHomesteadWelcome"] = {
        ["steps"] = {
            CFrame.new(
                -10015.7383,
                27.7320366,
                199.701477,
                0.897254109,
                0.00979345851,
                0.441406041,
                -0,
                0.999754071,
                -0.0221814997,
                -0.441514701,
                0.0199024417,
                0.897033274
            ),
            CFrame.new(
                -10592.2393,
                72.5095673,
                34.4052734,
                0.785349965,
                0.17204538,
                -0.594664454,
                -1.49011612e-08,
                0.960604966,
                0.277917445,
                0.619052052,
                -0.218262434,
                0.754411101
            ),
            CFrame.new(
                -10742.4863,
                39.4809189,
                86.0875549,
                0.0301538948,
                -0.159344524,
                0.986762404,
                -4.65661287e-10,
                0.987211347,
                0.159417018,
                -0.999545276,
                -0.00480704429,
                0.0297682676
            ),
            CFrame.new(
                -10874.7578,
                40.3548813,
                -61.8710747,
                0.998216689,
                -0.023935141,
                0.0546877086,
                -0,
                0.916100442,
                0.400949091,
                -0.0596962087,
                -0.400234073,
                0.91446656
            ),
            CFrame.new(
                -10796.6826,
                25.0937443,
                43.0562553,
                0.322074354,
                -0.198005468,
                0.925776422,
                -0,
                0.977883577,
                0.209150165,
                -0.946714401,
                -0.0673619062,
                0.314951211
            ),
            CFrame.new(
                -10046.9736,
                31.5011044,
                -220.631165,
                0.970956028,
                0.000317618687,
                -0.239257872,
                2.91038305e-11,
                0.999999106,
                0.001327515,
                0.239258096,
                -0.00128895871,
                0.970955133
            ),
            CFrame.new(
                -10654.4307,
                40.5699768,
                104.66304,
                0.871879458,
                0.144962683,
                -0.467773497,
                -1.49011612e-08,
                0.955184519,
                0.296011001,
                0.489720553,
                -0.258085907,
                0.832805753
            ),
            CFrame.new(
                -9571.98828,
                66.0376663,
                -498.33493,
                -0.833711088,
                0.250438601,
                -0.492144674,
                -0,
                0.891242027,
                0.453528047,
                0.552200913,
                0.378111362,
                -0.743038356
            ),
            CFrame.new(
                -10711.1162,
                76.7396393,
                -653.851379,
                -0.518592179,
                -0.0421069227,
                0.853984356,
                -0,
                0.998786747,
                0.0492466129,
                -0.855021715,
                0.0255389083,
                -0.517962992
            ),
            CFrame.new(
                -10672.6992,
                79.3286285,
                -659.690613,
                0.999999523,
                0.000287606148,
                -0.000976567389,
                -0,
                0.959264398,
                0.282510251,
                0.0010180379,
                -0.282510102,
                0.959263861
            ),
            CFrame.new(
                -10015.7383,
                27.7320366,
                199.701477,
                0.897254109,
                0.00979345851,
                0.441406041,
                -0,
                0.999754071,
                -0.0221814997,
                -0.441514701,
                0.0199024417,
                0.897033274
            )
        }
    },
    ["VolcanoIslandWelcome"] = {
        ["steps"] = {
            CFrame.new(
                -4811.95215,
                76.6882324,
                -5743.84619,
                0.724993229,
                0.1246984,
                -0.677373707,
                -7.4505806e-09,
                0.983474135,
                0.181048721,
                0.688755989,
                -0.131259099,
                0.713012099
            ),
            CFrame.new(
                -4201.0918,
                46.8758354,
                -5966.19336,
                0.981624603,
                -0.0484880991,
                0.184559152,
                -0,
                0.967177808,
                0.25410071,
                -0.190822363,
                -0.249431506,
                0.949405491
            ),
            CFrame.new(
                -2728.5874,
                137.847244,
                -6837.65039,
                0.174511492,
                0.153885841,
                0.972555876,
                -1.86264515e-09,
                0.987712145,
                -0.156284004,
                -0.984655142,
                0.0272733532,
                0.172367126
            ),
            CFrame.new(
                -3262.94897,
                306.131927,
                -6573.59961,
                0.984657824,
                -0.0081816148,
                0.174304411,
                -0,
                0.998900235,
                0.0468870327,
                -0.174496323,
                -0.0461676829,
                0.983574927
            ),
            CFrame.new(
                -3458.43408,
                570.743835,
                -7080.07373,
                -0.921133518,
                0.0913950503,
                -0.378364831,
                -0,
                0.972043693,
                0.234799787,
                0.389246732,
                0.21628195,
                -0.895382047
            ),
            CFrame.new(
                -3920.94019,
                126.421753,
                -8014.25684,
                -0.99935025,
                -0.00986450538,
                0.034668535,
                -9.31322686e-10,
                0.961822391,
                0.273674667,
                -0.0360446386,
                0.273496836,
                -0.961197317
            )
        }
    },
    ["WinterResortWelcome"] = {
        ["steps"] = {
            CFrame.new(
                9181.72266,
                41.5220757,
                -21419.9473,
                0.998393595,
                0.000888866663,
                0.0566533245,
                -5.82076609e-11,
                0.999877095,
                -0.0156876445,
                -0.0566602983,
                0.0156624429,
                0.99827069
            ),
            CFrame.new(
                9187.51953,
                34.972847,
                -21700.2812,
                0.373082846,
                -0.0930724666,
                0.923117876,
                -0,
                0.994955659,
                0.100315429,
                -0.927798092,
                -0.0374259651,
                0.37120086
            ),
            CFrame.new(
                8256.49512,
                47.8362427,
                -21715.4023,
                -0.277429461,
                -0.0243167002,
                0.960438251,
                -4.65661287e-10,
                0.999679685,
                0.0253102258,
                -0.96074605,
                0.00702180201,
                -0.277340591
            ),
            CFrame.new(
                8644.76562,
                24.3033047,
                -21554.1953,
                -0.426848441,
                0.162320822,
                -0.88963604,
                -0,
                0.983758926,
                0.179494262,
                0.904323161,
                0.076616846,
                -0.419916004
            ),
            CFrame.new(
                8238.43555,
                62.7054787,
                -22296.3672,
                0.957769334,
                0.0948876068,
                -0.271430016,
                -0,
                0.943980694,
                0.330000609,
                0.287537664,
                -0.316064477,
                0.904115796
            ),
            CFrame.new(
                8047.7915,
                57.9070892,
                -21761.5918,
                0.251704574,
                -0.235181883,
                0.938794136,
                3.72528985e-09,
                0.970024943,
                0.243005678,
                -0.967804074,
                -0.0611656383,
                0.244159713
            ),
            CFrame.new(
                8442.00391,
                26.6258774,
                -22101.084,
                -0.758641183,
                0.198270753,
                -0.620606422,
                -0,
                0.952568173,
                0.304325581,
                0.651508689,
                0.230873913,
                -0.722657382
            ),
            CFrame.new(
                9145.31152,
                42.0609169,
                -21620.7441,
                0.481881022,
                0.104379348,
                -0.869997501,
                3.7252903e-09,
                0.992879629,
                0.119122326,
                0.876236677,
                -0.0574027933,
                0.478449792
            ),
            CFrame.new(
                9187.51953,
                34.972847,
                -21700.2812,
                0.373082846,
                -0.0930724666,
                0.923117876,
                -0,
                0.994955659,
                0.100315429,
                -0.927798092,
                -0.0374259651,
                0.37120086
            ),
            CFrame.new(
                9162.94141,
                31.0580502,
                -21347.4219,
                -0.867868543,
                -0.133974239,
                0.478387982,
                -0,
                0.962950587,
                0.269677699,
                -0.496793896,
                0.23404479,
                -0.835714519
            )
        }
    },
    ["HauntedIslandWelcome"] = {
        ["steps"] = {
            CFrame.new(
                -940.847534,
                40.8570518,
                1938.54736,
                0.710026205,
                -0.118187286,
                0.69418633,
                -0,
                0.985814691,
                0.167837858,
                -0.704175353,
                -0.11916928,
                0.699954152
            ),
            CFrame.new(
                -977.855225,
                43.0496178,
                1336.63452,
                -0.530684054,
                0.210629091,
                -0.820980966,
                7.4505806e-09,
                0.96862942,
                0.248509467,
                0.847569704,
                0.131880015,
                -0.514036238
            ),
            CFrame.new(
                -977.855225,
                43.0496178,
                1336.63452,
                -0.530684054,
                0.210629091,
                -0.820980966,
                7.4505806e-09,
                0.96862942,
                0.248509467,
                0.847569704,
                0.131880015,
                -0.514036238
            ),
            CFrame.new(
                -923.174072,
                36.6334801,
                1216.07166,
                0.960774541,
                -0.0130714662,
                -0.277022749,
                9.31322686e-10,
                0.998888731,
                -0.0471330844,
                0.277330995,
                0.0452842675,
                0.959706664
            ),
            CFrame.new(
                -1670.74097,
                35.9160767,
                106.432648,
                0.998930633,
                -0.00290479534,
                0.0461426377,
                2.32830616e-10,
                0.998024464,
                0.0628281459,
                -0.0462339781,
                -0.0627609566,
                0.996957183
            ),
            CFrame.new(
                -1710.05786,
                46.0034637,
                784.329529,
                0.791720092,
                0.136401072,
                -0.595461369,
                7.45058149e-09,
                0.97475338,
                0.223284677,
                0.61088419,
                -0.176778972,
                0.771731615
            ),
            CFrame.new(
                -1005.10278,
                49.4729729,
                1781.03516,
                -0.999464631,
                0.00205653813,
                -0.0326535031,
                -2.32830671e-10,
                0.998022616,
                0.062856093,
                0.032718204,
                0.0628224388,
                -0.99748826
            )
        }
    },
    ["BlizzardIslandWelcome"] = {
        ["steps"] = {
            CFrame.new(
                2425.41479,
                34.7312393,
                -5406.06982,
                0.986955881,
                0.00573845441,
                -0.160888761,
                -0,
                0.999364614,
                0.0356445536,
                0.160991058,
                -0.0351796001,
                0.986328721
            ),
            CFrame.new(
                2452.14575,
                3.82791686,
                -5687.71338,
                0.844205797,
                0.043828249,
                -0.534224391,
                -3.7252903e-09,
                0.99665153,
                0.0817661732,
                0.536019266,
                -0.069027476,
                0.841378987
            ),
            CFrame.new(
                2306.19751,
                42.1768303,
                -6286.17285,
                0.985980332,
                -0.0143741025,
                0.166241691,
                -0,
                0.996282756,
                0.086143665,
                -0.166861981,
                -0.0849359557,
                0.982315063
            ),
            CFrame.new(
                3124.22681,
                88.4120255,
                -5758.1333,
                0.334990382,
                0.00750529952,
                -0.94219166,
                -0,
                0.999968231,
                0.00796553586,
                0.942221522,
                -0.00266837794,
                0.334979773
            ),
            CFrame.new(
                2940.89966,
                163.097733,
                -6432.78467,
                0.923409879,
                0.0309487302,
                -0.382565439,
                -1.86264493e-09,
                0.996743798,
                0.0806344524,
                0.383815199,
                -0.0744586512,
                0.920403123
            ),
            CFrame.new(
                2638.45239,
                242.924454,
                -6301.40576,
                0.497006327,
                -0.212264434,
                0.841384947,
                7.45057971e-09,
                0.969620168,
                0.244615614,
                -0.86774689,
                -0.121575497,
                0.481907398
            )
        }
    },
    ["MountainIslandWelcome"] = {
        ["steps"] = {
            CFrame.new(
                -7497.42334,
                31.4672165,
                300.430176,
                0.523031414,
                -0.0733628199,
                -0.84915024,
                3.7252903e-09,
                0.996288776,
                -0.086074926,
                0.852313459,
                0.0450198874,
                0.521090269
            ),
            CFrame.new(
                -7221.30176,
                29.6270733,
                478.295502,
                -0.125333965,
                0.183772236,
                -0.974945724,
                -0,
                0.982694745,
                0.185232863,
                0.992114663,
                0.02321597,
                -0.123165011
            ),
            CFrame.new(
                -6921.86865,
                220.298218,
                -376.126495,
                0.394442648,
                0.0844654217,
                -0.91503042,
                -3.72529074e-09,
                0.995766699,
                0.091918081,
                0.918920636,
                -0.0362564065,
                0.392772794
            ),
            CFrame.new(
                -7004.87646,
                280.422791,
                -883.262085,
                -0.845866263,
                0.0265989564,
                -0.532731414,
                -0,
                0.998755813,
                0.0498672724,
                0.533395052,
                0.0421810448,
                -0.844813883
            ),
            CFrame.new(
                -7497.42334,
                31.4672165,
                300.430176,
                0.523031414,
                -0.0733628199,
                -0.84915024,
                3.7252903e-09,
                0.996288776,
                -0.086074926,
                0.852313459,
                0.0450198874,
                0.521090269
            )
        }
    },
    ["DesertIslandWelcome"] = {
        ["steps"] = {
            CFrame.new(
                656.127625,
                92.3667908,
                3358.02222,
                -0.840052426,
                -0.115390182,
                0.530091524,
                -0,
                0.977117777,
                0.212698758,
                -0.542505205,
                0.17867811,
                -0.820830166
            ),
            CFrame.new(
                744.726868,
                68.9249268,
                3608.08936,
                -0.29928425,
                0.334669918,
                -0.893546402,
                -0,
                0.936470509,
                0.350746721,
                0.954164028,
                0.104972966,
                -0.280270845
            ),
            CFrame.new(
                901.112671,
                22.6584206,
                4470.63379,
                0.308803111,
                -0.187467113,
                0.932468116,
                -0,
                0.980383396,
                0.197100192,
                -0.951125979,
                -0.0608651526,
                0.302745432
            ),
            CFrame.new(
                254.591064,
                39.7502594,
                3805.25562,
                -0.193407878,
                -0.240645975,
                0.951148212,
                -0,
                0.969452977,
                0.245277196,
                -0.981118441,
                0.0474385433,
                -0.187499851
            ),
            CFrame.new(
                656.127625,
                92.3667908,
                3358.02222,
                -0.840052426,
                -0.115390182,
                0.530091524,
                -0,
                0.977117777,
                0.212698758,
                -0.542505205,
                0.17867811,
                -0.820830166
            )
        }
    },
    ["JungleIslandWelcome"] = {
        ["steps"] = {
            CFrame.new(
                2695.28979,
                193.269943,
                2078.02759,
                0.647865176,
                0.306840509,
                -0.697222829,
                -1.49011612e-08,
                0.915284872,
                0.402807295,
                0.761755109,
                -0.260964811,
                0.59298116
            ),
            CFrame.new(
                3023.25366,
                66.7694473,
                2173.35938,
                0.00122895336,
                0.116301499,
                -0.993213177,
                -0,
                0.993213952,
                0.116301581,
                0.999999285,
                -0.000142929217,
                0.00122061349
            ),
            CFrame.new(
                3742.78125,
                42.8609085,
                2000.97375,
                -0.212042361,
                0.24416241,
                -0.946267843,
                -3.72529074e-09,
                0.968286335,
                0.249843717,
                0.97726059,
                0.0529774539,
                -0.205317661
            ),
            CFrame.new(
                3223.62378,
                48.2120514,
                934.169556,
                0.803578854,
                -0.0290128738,
                0.594490767,
                -1.86264515e-09,
                0.998811245,
                0.0487448871,
                -0.595198333,
                -0.0391703621,
                0.80262357
            ),
            CFrame.new(
                2695.28979,
                193.269943,
                2078.02759,
                0.647865176,
                0.306840509,
                -0.697222829,
                -1.49011612e-08,
                0.915284872,
                0.402807295,
                0.761755109,
                -0.260964811,
                0.59298116
            )
        }
    },
    ["RPIslandWelcome"] = {
        ["steps"] = {
            CFrame.new(
                2363.6582,
                176.866348,
                -1955.35461,
                0.34419331,
                0.33149755,
                -0.878430665,
                -7.4505806e-09,
                0.935596764,
                0.353070587,
                0.938898802,
                -0.121524528,
                0.322026134
            ),
            CFrame.new(
                3507.38477,
                50.299572,
                -2002.1886,
                -0.605154634,
                0.0513400957,
                -0.794450819,
                -0,
                0.997918487,
                0.064488858,
                0.796108007,
                0.0390257314,
                -0.603894949
            ),
            CFrame.new(
                2383.82764,
                51.4336548,
                -1956.53357,
                -0.999298871,
                0.00655176817,
                -0.0368650369,
                -4.65661343e-10,
                0.984571934,
                0.174981132,
                0.037442714,
                0.174858451,
                -0.983881414
            ),
            CFrame.new(
                3926.0249,
                130.382828,
                -1295.64185,
                0.0917203501,
                -0.256496996,
                0.962183297,
                1.86264537e-09,
                0.96625632,
                0.257582724,
                -0.995784879,
                -0.023625575,
                0.088625364
            ),
            CFrame.new(
                3954.7124,
                80.484993,
                -2973.49585,
                0.774233043,
                -0.203487977,
                0.599296153,
                -1.49011612e-08,
                0.946904004,
                0.321516484,
                -0.632900655,
                -0.248928696,
                0.733124316
            ),
            CFrame.new(
                2269.79761,
                34.1349258,
                -1995.57166,
                0.978479803,
                -0.00401605805,
                -0.206303671,
                4.65661287e-10,
                0.999810636,
                -0.0194630418,
                0.206342757,
                0.0190441925,
                0.978294432
            )
        }
    },
    ["TrainingIslandWelcome"] = {
        ["steps"] = {
            CFrame.new(
                3612.51538,
                36.0642853,
                -6494.62549,
                0.728622854,
                -0.0142946187,
                -0.684766054,
                -0,
                0.999782264,
                -0.0208706409,
                0.684915185,
                0.0152068259,
                0.728464127
            ),
            CFrame.new(
                3864.49438,
                37.3730469,
                -6662.16553,
                0.458668083,
                0.125133932,
                -0.879752874,
                -0,
                0.990035236,
                0.140820205,
                0.88860774,
                -0.0645897314,
                0.454097509
            ),
            CFrame.new(
                3875.04883,
                34.2948418,
                -6663.69434,
                0.0697632581,
                0.283295274,
                -0.956492007,
                -0,
                0.958828151,
                0.283987164,
                0.99756366,
                -0.0198118705,
                0.0668909699
            ),
            CFrame.new(
                3816.13843,
                32.2891464,
                -7046.36182,
                -0.732227802,
                -0.0209983867,
                -0.680736005,
                -0,
                0.999524593,
                -0.0308319256,
                0.681059837,
                -0.0225759931,
                -0.731879652
            ),
            CFrame.new(
                4020.30347,
                40.3655815,
                -6977.66846,
                -0.0303909387,
                0.198497027,
                -0.979630232,
                4.65661232e-10,
                0.980082929,
                0.198588759,
                0.999538064,
                0.00603529811,
                -0.0297856424
            ),
            CFrame.new(
                3612.51538,
                36.0642853,
                -6494.62549,
                0.728622854,
                -0.0142946187,
                -0.684766054,
                -0,
                0.999782264,
                -0.0208706409,
                0.684915185,
                0.0152068259,
                0.728464127
            )
        }
    },
    ["LunarIslandsWelcome"] = {
        ["steps"] = {
            CFrame.new(
                -3495.95166,
                93.9925919,
                -1799.87061,
                -0.92200768,
                -0.135202512,
                0.362797648,
                -7.45057971e-09,
                0.93704617,
                0.349205703,
                -0.387171566,
                0.321970344,
                -0.863963783
            ),
            CFrame.new(
                -3587.54565,
                26.9871635,
                -1812.88989,
                0.533668697,
                -0.109593272,
                0.838562489,
                -3.7252903e-09,
                0.991567731,
                0.129589796,
                -0.845693707,
                -0.0691580176,
                0.529168606
            ),
            CFrame.new(
                -2375.44482,
                77.0260162,
                -1280.13647,
                0.481445491,
                -0.00689987885,
                -0.87644887,
                -2.32830671e-10,
                0.999969065,
                -0.00787229557,
                0.876476109,
                0.00379008148,
                0.481430531
            ),
            CFrame.new(
                -3441.70996,
                27.9228115,
                -3995.13403,
                0.421821833,
                0.0424164161,
                0.90568608,
                -1.86264493e-09,
                0.998905182,
                -0.0467821881,
                -0.906678736,
                0.0197337456,
                0.421360016
            ),
            CFrame.new(
                -3495.95166,
                93.9925919,
                -1799.87061,
                -0.92200768,
                -0.135202512,
                0.362797648,
                -7.45057971e-09,
                0.93704617,
                0.349205703,
                -0.387171566,
                0.321970344,
                -0.863963783
            )
        }
    },
    ["RoyalIslandWelcome"] = {
        ["steps"] = {
            CFrame.new(
                942.370728,
                75.7394943,
                -4780.2168,
                0.827908218,
                -0.0411236212,
                0.559354007,
                -0,
                0.997308373,
                0.073321946,
                -0.560863733,
                -0.0607038401,
                0.82567966
            ),
            CFrame.new(
                680.934753,
                59.5518227,
                -5000.09863,
                0.880867124,
                -0.182713926,
                0.436679155,
                -0,
                0.922502756,
                0.385990709,
                -0.473363519,
                -0.34000653,
                0.812602401
            ),
            CFrame.new(
                1082.09253,
                -201.020523,
                -6539.7832,
                -0.638310015,
                0.227290303,
                -0.735458612,
                -0,
                0.955414772,
                0.295266807,
                0.769779384,
                0.188471764,
                -0.609850824
            ),
            CFrame.new(
                -632.302551,
                226.331375,
                -6247.62109,
                0.883265197,
                0.0531329885,
                0.465853482,
                -0,
                0.993558407,
                -0.113320455,
                -0.468873769,
                0.100092016,
                0.877575576
            ),
            CFrame.new(
                -246.344696,
                49.4369507,
                -5358.16602,
                -0.619958341,
                -0.13044773,
                0.773715198,
                -0,
                0.986083388,
                0.166252792,
                -0.784634829,
                0.103069805,
                -0.611330509
            ),
            CFrame.new(
                729.337585,
                186.834244,
                -5259.44482,
                0.578277588,
                -0.413401306,
                0.70334518,
                -1.49011612e-08,
                0.862111568,
                0.506718576,
                -0.815840065,
                -0.293024004,
                0.498539805
            )
        }
    },
    ["StableIslandWelcome"] = {
        ["steps"] = {
            CFrame.new(
                7922.82764,
                102.098106,
                -2277.80396,
                0.078876026,
                0.194192544,
                -0.977787137,
                0,
                0.980843067,
                0.194799453,
                0.996884406,
                -0.0153650064,
                0.0773650035
            ),
            CFrame.new(
                8210.01465,
                59.3114929,
                -2269.66602,
                -0.190094516,
                0.170318305,
                -0.966879427,
                0,
                0.984837115,
                0.173481598,
                0.981765807,
                0.0329779014,
                -0.187212139
            ),
            CFrame.new(
                8277.57422,
                44.8116798,
                -2251.96729,
                -0.389509767,
                0.142773688,
                -0.909888923,
                0,
                0.98791188,
                0.155016527,
                0.921022356,
                0.0603804514,
                -0.384801328
            ),
