data = {
    ["Mars"] = {
        ["CoinsPerSand"] = 75,
        ["SellCF"] = CFrame.new(
            -1399.10034,
            6.09429407,
            -831.434143,
            0.158686876,
            0,
            0.987328947,
            0,
            -1,
            0,
            0.987328947,
            0,
            -0.158686876
        ),
        ["Requirements"] = {["Rebirths"] = 125},
        ["SandHealthMulti"] = 30,
        ["ProductID"] = 458398257,
        ["UpgradeCF"] = CFrame.new(
            -1482.97119,
            6.09429312,
            -787.399658,
            -0.50194335,
            -0,
            -0.864900947,
            0,
            -1.00000048,
            0,
            -0.864900947,
            0,
            0.501942873
        )
    },
    ["North Pole"] = {["CoinsPerSand"] = 10},
    ["Volcano"] = {
        ["CoinsPerSand"] = 110,
        ["SellCF"] = CFrame.new(
            2201.02856,
            5.8942914,
            -253.923584,
            0.631067753,
            0,
            0.775727689,
            0,
            -1,
            0,
            0.775727689,
            0,
            -0.631067753
        ),
        ["Requirements"] = {["Rebirths"] = 150, ["TotalSand"] = 500000000},
        ["SandHealthMulti"] = 50,
        ["ProductID"] = 493104511,
        ["UpgradeCF"] = CFrame.new(
            2119.85693,
            5.89429379,
            -261.595886,
            -0.846820593,
            0,
            0.531878531,
            0,
            -1,
            0,
            0.531878531,
            0,
            0.846820652
        )
    },
    ["Dino"] = {
        ["CoinsPerSand"] = 20,
        ["SellCF"] = CFrame.new(
            117.407242,
            6.18429279,
            -516.793396,
            -0.988035798,
            -0,
            -0.154225662,
            0,
            -1.00000024,
            0,
            -0.154225662,
            0,
            0.988035679
        ),
        ["Requirements"] = {["TotalSand"] = 125000},
        ["SandHealthMulti"] = 7,
        ["ProductID"] = 437846607,
        ["UpgradeCF"] = CFrame.new(
            34.2288513,
            6.09429312,
            -509.590179,
            -0.998746634,
            -0,
            -0.0500510782,
            0,
            -1,
            0,
            -0.0500510782,
            0,
            0.998746634
        )
    },
    ["Candy"] = {
        ["CoinsPerSand"] = 10,
        ["SellCF"] = CFrame.new(
            181.740189,
            6.04429388,
            -212.994278,
            -0.921403408,
            -0,
            -0.388608515,
            0,
            -1.00000048,
            0,
            -0.388608515,
            0,
            0.921402991
        ),
        ["Requirements"] = {["TotalSand"] = 5000},
        ["SandHealthMulti"] = 3,
        ["ProductID"] = 437846159,
        ["UpgradeCF"] = CFrame.new(
            174.658844,
            6.09429312,
            -172.050034,
            0.124074101,
            0,
            0.992272973,
            0,
            -1,
            0,
            0.992272973,
            0,
            -0.124074101
        )
    },
    ["Dominus"] = {
        ["CoinsPerSand"] = 95,
        ["SellCF"] = CFrame.new(
            1401.02856,
            6.09429121,
            -254.923584,
            0.631067753,
            0,
            0.775727689,
            0,
            -1,
            0,
            0.775727689,
            0,
            -0.631067753
        ),
        ["Requirements"] = {["Rebirths"] = 75, ["TotalSand"] = 250000000},
        ["SandHealthMulti"] = 40,
        ["ProductID"] = 478820910,
        ["UpgradeCF"] = CFrame.new(
            1319.85681,
            5.89429379,
            -262.595886,
            -0.846820593,
            0,
            0.531878531,
            0,
            -1,
            0,
            0.531878531,
            0,
            0.846820652
        )
    },
    ["Prison"] = {
        ["CoinsPerSand"] = 85,
        ["SellCF"] = CFrame.new(
            1199.59399,
            6.09429407,
            -938.790161,
            -0.561072588,
            -0,
            -0.827766657,
            0,
            -1,
            0,
            -0.827766657,
            0,
            0.561072528
        ),
        ["Requirements"] = {["Rebirths"] = 150},
        ["SandHealthMulti"] = 35,
        ["ProductID"] = 462058974,
        ["UpgradeCF"] = CFrame.new(
            1313.73853,
            5.89429331,
            -988.260925,
            0.846820652,
            0,
            -0.531878531,
            0,
            -1,
            -0,
            -0.531878531,
            0,
            -0.846820593
        )
    },
    ["Medieval"] = {
        ["CoinsPerSand"] = 65,
        ["SellCF"] = CFrame.new(
            521.366943,
            6.09429407,
            -935.33313,
            -0.631067753,
            -0,
            -0.775727689,
            0,
            -1,
            0,
            -0.775727689,
            0,
            0.631067753
        ),
        ["Requirements"] = {["Rebirths"] = 100},
        ["SandHealthMulti"] = 25,
        ["ProductID"] = 454330190,
        ["UpgradeCF"] = CFrame.new(
            592.538696,
            5.89429331,
            -928.660828,
            0.846820652,
            0,
            -0.531878531,
            0,
            -1,
            -0,
            -0.531878531,
            0,
            -0.846820593
        )
    },
    ["VIP"] = {
        ["CoinsPerSand"] = 50,
        ["SellCF"] = CFrame.new(
            -525.401123,
            6.09429407,
            -551.134583,
            0.158686876,
            0,
            0.987328947,
            0,
            -1,
            0,
            0.987328947,
            0,
            -0.158686876
        ),
        ["Requirements"] = {["Gamepass"] = "VIP"},
        ["SandHealthMulti"] = 20,
        ["UpgradeCF"] = CFrame.new(
            -495.871307,
            6.09429312,
            -533.500183,
            0.846820652,
            0,
            -0.531878531,
            0,
            -1,
            -0,
            -0.531878531,
            0,
            -0.846820593
        )
    },
    ["Toy Land"] = {
        ["CoinsPerSand"] = 55,
        ["SellCF"] = CFrame.new(
            -157.793167,
            6.09429407,
            -907.969727,
            -0.631067753,
            -0,
            -0.775727689,
            0,
            -1,
            0,
            -0.775727689,
            0,
            0.631067753
        ),
        ["Requirements"] = {["Rebirths"] = 75},
        ["SandHealthMulti"] = 20,
        ["ProductID"] = 450879726,
        ["UpgradeCF"] = CFrame.new(
            -73.210022,
            5.89429331,
            -910.733154,
            0.846820652,
            0,
            -0.531878531,
            0,
            -1,
            -0,
            -0.531878531,
            0,
            -0.846820593
        )
    },
    ["Pirate"] = {
        ["CoinsPerSand"] = 15,
        ["SellCF"] = CFrame.new(
            -647.356079,
            6.07429457,
            -217.614685,
            0.807661295,
            0,
            -0.589646697,
            0,
            -1,
            -0,
            -0.589646697,
            0,
            -0.807661414
        ),
        ["Requirements"] = {["TotalSand"] = 25000},
        ["SandHealthMulti"] = 5,
        ["ProductID"] = 437846387,
        ["UpgradeCF"] = CFrame.new(
            -720.650879,
            6.09429312,
            -278.420074,
            -0.732900977,
            -0,
            -0.680335283,
            0,
            -1,
            0,
            -0.680335283,
            0,
            0.732900977
        )
    },
    ["Moon"] = {
        ["CoinsPerSand"] = 30,
        ["SellCF"] = CFrame.new(
            -963.30072,
            6.09429407,
            -827.23407,
            0.158686876,
            0,
            0.987328947,
            0,
            -1,
            0,
            0.987328947,
            0,
            -0.158686876
        ),
        ["Requirements"] = {["Rebirths"] = 10},
        ["SandHealthMulti"] = 11,
        ["ProductID"] = 438565281,
        ["UpgradeCF"] = CFrame.new(
            -1006.97119,
            6.09429312,
            -844.399658,
            0.306826591,
            0,
            -0.951765418,
            0,
            -1,
            -0,
            -0.951765418,
            0,
            -0.306826591
        )
    },
    ["Starter"] = {
        ["CoinsPerSand"] = 5,
        ["SandHealthMulti"] = 1,
        ["SellCF"] = CFrame.new(
            4.19936323,
            6.09429407,
            -160.334198,
            0.158686876,
            0,
            0.987328947,
            0,
            -1,
            0,
            0.987328947,
            0,
            -0.158686876
        ),
        ["UpgradeCF"] = CFrame.new(
            -63.4711418,
            6.09429312,
            -190.700073,
            -0.99930799,
            0,
            0.0371983498,
            0,
            -1,
            0,
            0.0371983498,
            0,
            0.99930793
        )
    },
    ["Launch Site"] = {
        ["CoinsPerSand"] = 25,
        ["SellCF"] = CFrame.new(
            -241.800629,
            6.09429407,
            -282.334198,
            0.158686876,
            0,
            0.987328947,
            0,
            -1,
            0,
            0.987328947,
            0,
            -0.158686876
        ),
        ["Requirements"] = {["TotalSand"] = 625000},
        ["SandHealthMulti"] = 9,
        ["ProductID"] = 437874573,
        ["UpgradeCF"] = CFrame.new(
            -280.47113,
            6.09429312,
            -298.700073,
            0.306826591,
            0,
            -0.951765418,
            0,
            -1,
            -0,
            -0.951765418,
            0,
            -0.306826591
        )
    },
    ["Atlantis"] = {
        ["CoinsPerSand"] = 40,
        ["SellCF"] = CFrame.new(
            -643.800659,
            6.29429388,
            -841.334229,
            -0.631067753,
            -0,
            -0.775727689,
            0,
            -1,
            0,
            -0.775727689,
            0,
            0.631067753
        ),
        ["Requirements"] = {["Rebirths"] = 50},
        ["SandHealthMulti"] = 15,
        ["ProductID"] = 442659305,
        ["UpgradeCF"] = CFrame.new(
            -575.471313,
            6.29429293,
            -821.500061,
            0.846820652,
            0,
            -0.531878531,
            0,
            -1,
            -0,
            -0.531878531,
            0,
            -0.846820593
        )
    }
}
