data = {
    ["570SL"] = {
        "door",
        CFrame.new(
            0,
            0,
            0,
            0.774188638,
            -0.067732729,
            0.629320383,
            0.553136706,
            0.555720687,
            -0.620656371,
            -0.30768761,
            0.828605413,
            0.467698097
        )
    },
    ["WideL"] = {"door", CFrame.new(0, 0, 0, 0.49999997, 0, 0.866025448, 0, 1, 0, -0.866025448, 0, 0.49999997)},
    ["scL"] = {
        "door",
        CFrame.new(
            0,
            0,
            0,
            0.99619472,
            0,
            0.087155737,
            0.0713938028,
            0.57357645,
            -0.816034973,
            -0.0499904789,
            0.819152057,
            0.571393847
        )
    },
    ["CullinanFL"] = {"door", CFrame.new(0, 0, 0, 0.258819073, 0, 0.965925813, 0, 1, 0, -0.965925813, 0, 0.258819073)},
    ["UltimateAeroR"] = {
        "door",
        CFrame.new(
            0,
            0,
            0,
            0.68243736,
            0.533178508,
            -0.5,
            -0.727433145,
            0.562370539,
            -0.393167317,
            0.071556896,
            0.632028639,
            0.771634281
        )
    },
    ["GullwingL"] = {"door", CFrame.new(0, 0, 0, 0.258819073, -0.965925813, 0, 0.965925813, 0.258819073, 0, 0, 0, 1)},
    ["EnzoL"] = {
        "door",
        CFrame.new(
            0,
            0,
            0,
            0.683012664,
            -0.183012694,
            0.707106769,
            0.665975571,
            0.553603172,
            -0.49999997,
            -0.299950182,
            0.812422156,
            0.49999997
        )
    },
    ["DaRX7"] = {"popup", CFrame.new(0, 0, 0, 1, 0, 0, 0, 0.788010776, 0.615661502, 0, -0.615661502, 0.788010776)},
    ["CullinanFR"] = {"door", CFrame.new(0, 0, 0, 0.258819073, 0, -0.965925813, 0, 1, 0, 0.965925813, 0, 0.258819073)},
    ["MegaWideL"] = {"door", CFrame.new(0, 0, 0, 0.258819073, 0, 0.965925813, 0, 1, 0, -0.965925813, 0, 0.258819073)},
    ["GullwingR"] = {"door", CFrame.new(0, 0, 0, 0.258819073, 0.965925813, 0, -0.965925813, 0.258819073, 0, 0, 0, 1)},
    ["VenomR"] = {
        "door",
        CFrame.new(
            0,
            0,
            0,
            0.754406512,
            0.133022219,
            -0.642787576,
            -0.539921045,
            0.682659268,
            -0.492403835,
            0.373304248,
            0.718527198,
            0.586824059
        )
    },
    ["ProjectOneL"] = {
        "door",
        CFrame.new(
            0,
            0,
            0,
            0.552264214,
            -0.497260958,
            0.669130623,
            0.813535452,
            0.496785998,
            -0.302264214,
            -0.182110548,
            0.711291194,
            0.678896546
        )
    },
    ["NewF1R"] = {
        "door",
        CFrame.new(
            0,
            0,
            0,
            0.551959634,
            0.479811192,
            -0.681998372,
            -0.832638025,
            0.361585945,
            -0.419487268,
            0.0453263521,
            0.799397826,
            0.599089861
        )
    },
    ["FenyrHoodR"] = {"door", CFrame.new(0, 0, 0, 0.819152057, -0.57357645, 0, 0.57357645, 0.819152057, 0, 0, 0, 1)},
    ["PopupsXJR15"] = {"popup", CFrame.new(0, 0, 0, 1, 0, 0, 0, 0.91354543, 0.406736642, 0, -0.406736642, 0.91354543)},
    ["EnzoR"] = {
        "door",
        CFrame.new(
            0,
            0,
            0,
            0.683012664,
            0.183012694,
            -0.707106769,
            -0.665975571,
            0.553603172,
            -0.49999997,
            0.299950182,
            0.812422156,
            0.49999997
        )
    },
    ["DtypeDoor"] = {
        "door",
        CFrame.new(
            0,
            0,
            0,
            0.413175941,
            -0.492403895,
            -0.766044438,
            -0.351900905,
            0.68952781,
            -0.633022249,
            0.83991158,
            0.531121314,
            0.111618929
        )
    },
    ["XJR12L"] = {
        "door",
        CFrame.new(
            0,
            0,
            0,
            -0.173648193,
            0,
            -0.98480773,
            -0.981060266,
            -0.0871557668,
            0.172987416,
            -0.085831672,
            0.99619472,
            0.0151344417
        )
    },
    ["DtypeTrunk"] = {"door", CFrame.new(0, 0, 0, -0.29237175, 0, -0.956304729, 0, 1, 0, 0.956304729, 0, -0.29237175)},
    ["scR"] = {
        "door",
        CFrame.new(
            0,
            0,
            0,
            0.99619472,
            0,
            -0.087155737,
            -0.0713938028,
            0.57357645,
            -0.816034973,
            0.0499904789,
            0.819152057,
            0.571393847
        )
    },
    ["XJR12R"] = {
        "door",
        CFrame.new(
            0,
            0,
            0,
            -0.173648193,
            0,
            0.98480773,
            0.981060266,
            -0.0871557668,
            0.172987416,
            0.085831672,
            0.99619472,
            0.0151344417
        )
    },
    ["FenyrHoodL"] = {"door", CFrame.new(0, 0, 0, 0.819152057, 0.57357645, 0, -0.57357645, 0.819152057, 0, 0, 0, 1)},
    ["TuataraL"] = {
        "door",
        CFrame.new(
            0,
            0,
            0,
            0.694272041,
            -0.323744386,
            0.642787576,
            0.717923164,
            0.374464542,
            -0.586824059,
            -0.0507201254,
            0.868887722,
            0.492403895
        )
    },
    ["NewF1L"] = {
        "door",
        CFrame.new(
            0,
            0,
            0,
            0.551959634,
            -0.479811192,
            0.681998372,
            0.832638025,
            0.361585945,
            -0.419487268,
            -0.0453263521,
            0.799397826,
            0.599089861
        )
    },
    ["FenyrL"] = {
        "door",
        CFrame.new(
            0,
            0,
            0,
            0.42261824,
            0,
            -0.906307817,
            -0.12613368,
            0.990268052,
            -0.0588170923,
            0.8974877,
            0.139173105,
            0.418505341
        )
    },
    ["AuroraR"] = {
        "door",
        CFrame.new(
            0,
            0,
            0,
            0.473146737,
            0.525482774,
            -0.707106769,
            -0.866275847,
            0.423557758,
            -0.264886856,
            0.16030708,
            0.737879872,
            0.655618012
        )
    },
    ["AventadorL"] = {
        "door",
        CFrame.new(
            0,
            0,
            0,
            0.906307757,
            0,
            0.42261827,
            0.318954051,
            0.656059027,
            -0.683999121,
            -0.277262539,
            0.754709542,
            0.594591379
        )
    },
    ["FenyrR"] = {
        "door",
        CFrame.new(
            0,
            0,
            0,
            0.42261824,
            0,
            0.906307817,
            0.12613368,
            0.990268052,
            -0.0588170923,
            -0.8974877,
            0.139173105,
            0.418505341
        )
    },
    ["SpeedtailR"] = {
        "door",
        CFrame.new(
            0,
            0,
            0,
            0.543501735,
            0.489371151,
            -0.681998372,
            -0.838363647,
            0.275948405,
            -0.470105082,
            -0.0418594778,
            0.82726562,
            0.560249448
        )
    },
    ["AuroraL"] = {
        "door",
        CFrame.new(
            0,
            0,
            0,
            0.473146737,
            -0.525482774,
            0.707106769,
            0.866275847,
            0.423557758,
            -0.264886856,
            -0.16030708,
            0.737879872,
            0.655618012
        )
    },
    ["TSRSHood"] = {
        "door",
        CFrame.new(0, 0, 0, 0.669130564, 0, -0.74314487, 0, 1, 0, 0.74314487, 0, 0.669130564),
        true,
        0.005
    },
    ["Cod385Engine"] = {"door", CFrame.new(0, 0, 0, 0.939692616, 0, 0.342020124, 0, 1, 0, -0.342020124, 0, 0.939692616)},
    ["BusDoorLeft"] = {
        "door",
        CFrame.new(0, 0, 0, -0.448073626, 0, -0.893996656, 0, 1, 0, 0.893996656, 0, -0.448073626)
    },
    ["PopdownsXJ"] = {"popup", CFrame.new(0, 0, 0, 1, 0, 0, 0, 0.927183867, -0.37460658, 0, 0.37460658, 0.927183867)},
    ["P72L"] = {
        "door",
        CFrame.new(
            0,
            0,
            0,
            0.694272041,
            -0.323744386,
            0.642787576,
            0.717923164,
            0.374464542,
            -0.586824059,
            -0.0507201254,
            0.868887722,
            0.492403895
        )
    },
    ["SCTEngine"] = {"door", CFrame.new(0, 0, 0, -4.37113883e-08, -1, 0, 1, -4.37113883e-08, 0, 0, 0, 1)},
    ["12CR"] = {
        "door",
        CFrame.new(
            0,
            0,
            0,
            0.604022801,
            0.219846308,
            -0.766044438,
            -0.699815154,
            0.606226087,
            -0.377821088,
            0.38133353,
            0.764302015,
            0.520026147
        )
    },
    ["EvoRightEngineHatch"] = {
        "door",
        CFrame.new(
            0,
            0,
            0,
            0.852868497,
            0.150383726,
            0.5,
            0.183488876,
            0.81021595,
            -0.556670368,
            -0.488822162,
            0.566511095,
            0.663413942
        )
    },
    ["720sCoupeR"] = {
        "door",
        CFrame.new(
            0,
            0,
            0,
            0.446517825,
            0.532139182,
            -0.719339788,
            -0.894165158,
            0.295042247,
            -0.336777061,
            0.0330233574,
            0.793585539,
            0.607561946
        )
    },
    ["EvoLeftEngineHatch"] = {
        "door",
        CFrame.new(
            0,
            0,
            0,
            0.852868497,
            -0.150383726,
            0.5,
            -0.183488876,
            0.81021595,
            0.556670368,
            -0.488822162,
            -0.566511095,
            0.663413942
        )
    },
    ["AstonL"] = {
        "door",
        CFrame.new(
            0,
            0,
            0,
            0.642787635,
            0,
            0.766044438,
            0.214044675,
            0.960170269,
            -0.179604828,
            -0.735533118,
            0.279415488,
            0.617185593
        )
    },
    ["720sSpiderR"] = {
        "door",
        CFrame.new(
            0,
            0,
            0,
            0.604022801,
            0.219846308,
            -0.766044438,
            -0.771280587,
            0.403317153,
            -0.492403895,
            0.200705677,
            0.888258338,
            0.413175941
        )
    },
    ["WideR"] = {"door", CFrame.new(0, 0, 0, 0.49999997, 0, -0.866025448, 0, 1, 0, 0.866025448, 0, 0.49999997)},
    ["EvoR"] = {
        "door",
        CFrame.new(
            0,
            0,
            0,
            0.719846308,
            0.262002617,
            -0.642787576,
            -0.6689533,
            0.509008169,
            -0.54167521,
            0.185263813,
            0.819917798,
            0.54167521
        )
    },
    ["675LTNewL"] = {
        "door",
        CFrame.new(
            0,
            0,
            0,
            0.526540816,
            -0.368687838,
            0.766044438,
            0.829769492,
            0.418989152,
            -0.368687838,
            -0.18503359,
            0.829769492,
            0.526540816
        )
    },
    ["570SR"] = {
        "door",
        CFrame.new(
            0,
            0,
            0,
            0.774188638,
            0.067732729,
            -0.629320383,
            -0.553136706,
            0.555720687,
            -0.620656371,
            0.30768761,
            0.828605413,
            0.467698097
        )
    },
    ["EvoL"] = {
        "door",
        CFrame.new(
            0,
            0,
            0,
            0.719846308,
            -0.262002617,
            0.642787576,
            0.6689533,
            0.509008169,
            -0.54167521,
            -0.185263813,
            0.819917798,
            0.54167521
        )
    },
    ["CLKR"] = {
        "door",
        CFrame.new(
            0,
            0,
            0,
            0.419487268,
            0.599089861,
            -0.681998372,
            -0.874634624,
            0.467852175,
            -0.126998231,
            0.242991045,
            0.649773538,
            0.720242798
        )
    },
    ["R8Window"] = {"window"},
    ["ProjectOneR"] = {
        "door",
        CFrame.new(
            0,
            0,
            0,
            0.552264214,
            0.497260958,
            -0.669130623,
            -0.813535452,
            0.496785998,
            -0.302264214,
            0.182110548,
            0.711291194,
            0.678896546
        )
    },
    ["I8R"] = {
        "door",
        CFrame.new(
            0,
            0,
            0,
            0.405579805,
            0.579227984,
            -0.707106769,
            -0.908467591,
            0.34087792,
            -0.241844743,
            0.100953877,
            0.740470946,
            0.664462984
        )
    },
    ["SCTDoorL"] = {"door", CFrame.new(0, 0, 0, -4.37113883e-08, 0, 1, 0, 1, 0, -1, 0, -4.37113883e-08)},
    ["DevelL"] = {
        "door",
        CFrame.new(
            0,
            0,
            0,
            0.612372398,
            -0.353553385,
            0.707106769,
            0.786566019,
            0.362372398,
            -0.49999997,
            -0.0794592798,
            0.862372398,
            0.49999997
        )
    },
    ["UltimateAeroL"] = {
        "door",
        CFrame.new(
            0,
            0,
            0,
            0.68243736,
            -0.533178508,
            0.5,
            0.727433145,
            0.562370539,
            -0.393167317,
            -0.071556896,
            0.632028639,
            0.771634281
        )
    },
    ["P1L"] = {
        "door",
        CFrame.new(
            0,
            0,
            0,
            0.383022189,
            -0.663414001,
            0.642787576,
            0.923720837,
            0.279453784,
            -0.262002617,
            -0.0058132112,
            0.694109082,
            0.719846308
        )
    },
    ["RaveFlyingDoorR"] = {
        "door",
        CFrame.new(0, 0, 0, 1, 0, 0, 0, 0.49999997, -0.866025448, 0, 0.866025448, 0.49999997)
    },
    ["RaveFlyingDoorL"] = {
        "door",
        CFrame.new(0, 0, 0, 1, 0, 0, 0, 0.49999997, -0.866025448, 0, 0.866025448, 0.49999997)
    },
    ["RaveFlyingEngineL"] = {"door", CFrame.new(0, 0, 0, -4.37113883e-08, -1, 0, 1, -4.37113883e-08, 0, 0, 0, 1)},
    ["EnzoEngine"] = {"door", CFrame.new(0, 0, 0, 0.866025388, 0, -0.5, 0, 1, 0, 0.5, 0, 0.866025388)},
    ["P1R"] = {
        "door",
        CFrame.new(
            0,
            0,
            0,
            0.383022189,
            0.663414001,
            -0.642787576,
            -0.923720837,
            0.279453784,
            -0.262002617,
            0.0058132112,
            0.694109082,
            0.719846308
        )
    },
    ["DevelR"] = {
        "door",
        CFrame.new(
            0,
            0,
            0,
            0.612372398,
            0.353553385,
            -0.707106769,
            -0.786566019,
            0.362372398,
            -0.49999997,
            0.0794592798,
            0.862372398,
            0.49999997
        )
    },
    ["S7L"] = {
        "door",
        CFrame.new(
            0,
            0,
            0,
            0.784885526,
            -0.365998149,
            0.5,
            0.615026057,
            0.558445156,
            -0.556670368,
            -0.0754822493,
            0.744435549,
            0.663413942
        )
    },
    ["LykanR"] = {
        "door",
        CFrame.new(
            0,
            0,
            0,
            0.604022801,
            0.219846308,
            0.766044438,
            0.146414936,
            0.914228559,
            -0.377821088,
            -0.783402264,
            0.34037289,
            0.520026147
        )
    },
    ["BusDoorRight"] = {
        "door",
        CFrame.new(0, 0, 0, -0.448073626, 0, 0.893996656, 0, 1, 0, -0.893996656, 0, -0.448073626)
    },
    ["SpeedtailL"] = {
        "door",
        CFrame.new(
            0,
            0,
            0,
            0.543501735,
            -0.489371151,
            0.681998372,
            0.838363647,
            0.275948405,
            -0.470105082,
            0.0418594778,
            0.82726562,
            0.560249448
        )
    },
    ["MegaWideR"] = {"door", CFrame.new(0, 0, 0, 0.258819073, 0, -0.965925813, 0, 1, 0, 0.965925813, 0, 0.258819073)},
    ["AventadorR"] = {
        "door",
        CFrame.new(
            0,
            0,
            0,
            0.906307757,
            0,
            -0.42261827,
            -0.318954051,
            0.656059027,
            -0.683999121,
            0.277262539,
            0.754709542,
            0.594591379
        )
    },
    ["GT4RS"] = {"door", CFrame.new(0, 0, 0, 0.819152057, 0, 0.57357645, 0, 1, 0, -0.57357645, 0, 0.819152057)},
    ["Drawbridge"] = {"drawbridge", 20, 0.038, inf, 40},
    ["UpR"] = {
        "door",
        CFrame.new(
            0,
            0,
            0,
            0.604022801,
            0.219846308,
            -0.766044438,
            -0.671509981,
            0.658064246,
            -0.340625554,
            0.429221213,
            0.72015202,
            0.545114815
        )
    },
    ["PopupsDiablo"] = {
        "popup",
        CFrame.new(0, 0, 0, 1, 0, 0, 0, 0.707106769, 0.707106769, 0, -0.707106769, 0.707106769)
    },
    ["PopupsPantera"] = {"popup", CFrame.new(0, 0, 0, 1, 0, 0, 0, 0.57357645, 0.819152057, 0, -0.819152057, 0.57357645)},
    ["P72R"] = {
        "door",
        CFrame.new(
            0,
            0,
            0,
            0.694272041,
            0.323744386,
            -0.642787576,
            -0.717923164,
            0.374464542,
            -0.586824059,
            0.0507201254,
            0.868887722,
            0.492403895
        )
    },
    ["PopupsNSX"] = {"popup", CFrame.new(0, 0, 0, 1, 0, 0, 0, 0.939692616, 0.342020124, 0, -0.342020124, 0.939692616)},
    ["PopupsMiura"] = {"popup", CFrame.new(0, 0, 0, 1, 0, 0, 0, 0.891006529, 0.453990519, 0, -0.453990519, 0.891006529)},
    ["PopupsGT5"] = {"popup", CFrame.new(0, 0, 0, 1, 0, 0, 0, 0.927183867, 0.37460658, 0, -0.37460658, 0.927183867)},
    ["DaCharger"] = {"popup", CFrame.new(0, 0, 0, 1, 0, 0, 0, -4.37113883e-08, 1, 0, -1, -4.37113883e-08)},
    ["UpL"] = {
        "door",
        CFrame.new(
            0,
            0,
            0,
            0.604022801,
            -0.219846308,
            0.766044438,
            0.671509981,
            0.658064246,
            -0.340625554,
            -0.429221213,
            0.72015202,
            0.545114815
        )
    },
    ["ValhallaR"] = {
        "door",
        CFrame.new(
            0,
            0,
            0,
            0.747260928,
            0.380748481,
            -0.544639051,
            -0.65970695,
            0.523614347,
            -0.539086998,
            0.0799242556,
            0.76214081,
            0.642458916
        )
    },
    ["ValhallaL"] = {
        "door",
        CFrame.new(
            0,
            0,
            0,
            0.747260928,
            -0.380748481,
            0.544639051,
            0.65970695,
            0.523614347,
            -0.539086998,
            -0.0799242556,
            0.76214081,
            0.642458916
        )
    },
    ["McFluffy"] = {
        "door",
        CFrame.new(0, 0.25, 3.18000007, 1, 0, 0, 0, 0.99619472, -0.087155737, 0, 0.087155737, 0.99619472),
        0.7
    },
    ["GenericCoupeL"] = {"door", CFrame.new(0, 0, 0, 0.669130564, 0, 0.74314487, 0, 1, 0, -0.74314487, 0, 0.669130564)},
    ["DihedralL"] = {
        "door",
        CFrame.new(
            1.17999995,
            0,
            0,
            0.990268052,
            0,
            -0.139173105,
            -0.139088333,
            0.0348994955,
            -0.989664793,
            0.00485707121,
            0.999390841,
            0.0345598571
        ),
        true,
        0.7
    },
    ["DihedralR"] = {
        "door",
        CFrame.new(
            -1.17999995,
            0,
            0,
            0.990268052,
            0,
            0.139173105,
            0.139088333,
            0.0348994955,
            -0.989664793,
            -0.00485707121,
            0.999390841,
            0.0345598571
        ),
        true,
        0.7
    },
    ["Window"] = {"window"},
    ["Engine"] = {
        "door",
        CFrame.new(0, 0, 0, 0.809017003, 0, -0.587785244, 0, 1, 0, 0.587785244, 0, 0.809017003),
        true,
        0.55
    },
    ["SCTDoorR"] = {"door", CFrame.new(0, 0, 0, -4.37113883e-08, 0, -1, 0, 1, 0, 1, 0, -4.37113883e-08)},
    ["I8L"] = {
        "door",
        CFrame.new(
            0,
            0,
            0,
            0.405579805,
            -0.579227984,
            0.707106769,
            0.908467591,
            0.34087792,
            -0.241844743,
            -0.100953877,
            0.740470946,
            0.664462984
        )
    },
    ["S7R"] = {
        "door",
        CFrame.new(
            0,
            0,
            0,
            0.784885526,
            0.365998149,
            -0.5,
            -0.615026057,
            0.558445156,
            -0.556670368,
            0.0754822493,
            0.744435549,
            0.663413942
        )
    },
    ["TuataraR"] = {
        "door",
        CFrame.new(
            0,
            0,
            0,
            0.694272041,
            0.323744386,
            -0.642787576,
            -0.717923164,
            0.374464542,
            -0.586824059,
            0.0507201254,
            0.868887722,
            0.492403895
        )
    },
    ["TailGate"] = {"door", CFrame.new(0, 0, 0, -0.110387243, 0, -0.993888676, 0, 1, 0, 0.993888676, 0, -0.110387243)},
    ["ElvaR"] = {
        "door",
        CFrame.new(
            0,
            0,
            0,
            0.766044438,
            0,
            -0.642787576,
            -0.532895029,
            0.559192896,
            -0.635079622,
            0.359442234,
            0.829037547,
            0.428366601
        )
    },
    ["VenomL"] = {
        "door",
        CFrame.new(
            0,
            0,
            0,
            0.754406512,
            -0.133022219,
            0.642787576,
            0.539921045,
            0.682659268,
            -0.492403835,
            -0.373304248,
            0.718527198,
            0.586824059
        )
    },
    ["ArmGate"] = {"gate", CFrame.new(0, 0, 0, 1, 0, 0, 0, -4.37113883e-08, -1, 0, 1, -4.37113883e-08)},
    ["12CL"] = {
        "door",
        CFrame.new(
            0,
            0,
            0,
            0.604022801,
            -0.219846308,
            0.766044438,
            0.699815154,
            0.606226087,
            -0.377821088,
            -0.38133353,
            0.764302015,
            0.520026147
        )
    },
    ["ElvaL"] = {
        "door",
        CFrame.new(
            0,
            0,
            0,
            0.766044438,
            0,
            0.642787576,
            0.532895029,
            0.559192896,
            -0.635079622,
            -0.359442234,
            0.829037547,
            0.428366601
        )
    },
    ["SennaL"] = {
        "door",
        CFrame.new(
            0,
            0,
            0,
            0.630222559,
            -0.567454934,
            0.529919267,
            0.776387453,
            0.466289699,
            -0.424024045,
            -0.00648134947,
            0.678652167,
            0.734431148
        )
    },
    ["720sCoupeL"] = {
        "door",
        CFrame.new(
            0,
            0,
            0,
            0.446517825,
            -0.532139182,
            0.719339788,
            0.894165158,
            0.295042247,
            -0.336777061,
            -0.0330233574,
            0.793585539,
            0.607561946
        )
    },
    ["GTL"] = {
        "door",
        CFrame.new(
            0,
            0,
            0,
            0.604022801,
            -0.219846308,
            0.766044438,
            0.771280587,
            0.403317153,
            -0.492403895,
            -0.200705677,
            0.888258338,
            0.413175941
        )
    },
    ["720sSpiderL"] = {
        "door",
        CFrame.new(
            0,
            0,
            0,
            0.604022801,
            -0.219846308,
            0.766044438,
            0.771280587,
            0.403317153,
            -0.492403895,
            -0.200705677,
            0.888258338,
            0.413175941
        )
    },
    ["CLKL"] = {
        "door",
        CFrame.new(
            0,
            0,
            0,
            0.419487268,
            -0.599089861,
            0.681998372,
            0.874634624,
            0.467852175,
            -0.126998231,
            -0.242991045,
            0.649773538,
            0.720242798
        )
    },
    ["GenericCoupeR"] = {"door", CFrame.new(0, 0, 0, 0.669130564, 0, -0.74314487, 0, 1, 0, 0.74314487, 0, 0.669130564)},
    ["PaganiEngine"] = {
        "door",
        CFrame.new(0, 0, 0, 0.707106769, 0, -0.707106769, 0, 1, 0, 0.707106769, 0, 0.707106769),
        true,
        0.55
    },
    ["RaveFlyingEngineR"] = {"door", CFrame.new(0, 0, 0, -4.37113883e-08, 1, 0, -1, -4.37113883e-08, 0, 0, 0, 1)},
    ["LykanL"] = {
        "door",
        CFrame.new(
            0,
            0,
            0,
            0.604022801,
            -0.219846308,
            -0.766044438,
            -0.146414936,
            0.914228559,
            -0.377821088,
            0.783402264,
            0.34037289,
            0.520026147
        )
    },
    ["GTR"] = {
        "door",
        CFrame.new(
            0,
            0,
            0,
            0.604022801,
            0.219846308,
            -0.766044438,
            -0.771280587,
            0.403317153,
            -0.492403895,
            0.200705677,
            0.888258338,
            0.413175941
        )
    },
    ["SennaNewL"] = {
        "door",
        CFrame.new(
            0,
            0,
            0,
            0.586824059,
            -0.492403835,
            0.642787576,
            0.809453785,
            0.376884282,
            -0.45026961,
            -0.0205420256,
            0.784535885,
            0.61974299
        )
    },
    ["SennaR"] = {
        "door",
        CFrame.new(
            0,
            0,
            0,
            0.630222559,
            0.567454934,
            -0.529919267,
            -0.776387453,
            0.466289699,
            -0.424024045,
            0.00648134947,
            0.678652167,
            0.734431148
        )
    },
    ["675LTNewR"] = {
        "door",
        CFrame.new(
            0,
            0,
            0,
            0.526540816,
            0.368687838,
            -0.766044438,
            -0.829769492,
            0.418989152,
            -0.368687838,
            0.18503359,
            0.829769492,
            0.526540816
        )
    },
    ["SennaNewR"] = {
        "door",
        CFrame.new(
            0,
            0,
            0,
            0.586824059,
            0.492403835,
            -0.642787576,
            -0.809453785,
            0.376884282,
            -0.45026961,
            0.0205420256,
            0.784535885,
            0.61974299
        )
    },
    ["AstonR"] = {
        "door",
        CFrame.new(
            0,
            0,
            0,
            0.57357645,
            0,
            -0.819152057,
            -0.228883773,
            0.960170269,
            -0.160266146,
            0.786525428,
            0.279415488,
            0.550731063
        )
    }
}
