data = {
    ["Route1"] = {["Music"] = "", ["Image"] = "http://www.roblox.com/asset/?id=8541780095"},
    ["IceCave"] = {["Music"] = "", ["Image"] = "http://www.roblox.com/asset/?id=13003681151"},
    ["HallowHeights"] = {["Music"] = "", ["Image"] = "http://www.roblox.com/asset/?id=11283248055"},
    ["CandyFactory"] = {["Music"] = "", ["Image"] = "http://www.roblox.com/asset/?id=10569283282"},
    ["Sweetsville"] = {["Music"] = "", ["Image"] = "http://www.roblox.com/asset/?id=9939706860"},
    ["OasisSewer"] = {["Music"] = "", ["Image"] = "http://www.roblox.com/asset/?id=14653041617"},
    ["BaseSnow"] = {["Music"] = "", ["Image"] = "http://www.roblox.com/asset/?id=11817163253"},
    ["ScaryBeach"] = {["Music"] = "", ["Image"] = "http://www.roblox.com/asset/?id=9707898845"},
    ["Sewer"] = {["Music"] = "", ["Image"] = "http://www.roblox.com/asset/?id=8821751249"},
    ["ScienceBridge"] = {["Music"] = "", ["Image"] = "http://www.roblox.com/asset/?id=14636968295"},
    ["CrystalCavern"] = {["Music"] = "", ["Image"] = "http://www.roblox.com/asset/?id=9407864435"},
    ["Hideout"] = {["Music"] = "", ["Image"] = "http://www.roblox.com/asset/?id=13846711146"},
    ["LakewoodLake"] = {["Music"] = "", ["Image"] = "http://www.roblox.com/asset/?id=8634687658"},
    ["Crossroads"] = {["Music"] = "", ["Image"] = "http://www.roblox.com/asset/?id=9300513751"},
    ["RunicRare"] = {["Music"] = "", ["Image"] = "http://www.roblox.com/asset/?id=13044960336"},
    ["GenericIndoors"] = {["Music"] = "", ["Image"] = "http://www.roblox.com/asset/?id=8631714430"},
    ["Pumpkin Patch"] = { ["Camera"] = CFrame.new( 8022.10059, 4987.53809, -1.12600064, -0.422556758, -0.0774618909, 0.903020144, -3.72529074e-09, 0.99634099, 0.0854670256, -0.906336546, 0.0361146666, -0.421010524 ), ["Physical"] = true },
    ["BasicBG"] = {["Music"] = "", ["Image"] = "http://www.roblox.com/asset/?id=8541780095"},
    ["DesertRoute"] = {["Music"] = "", ["Image"] = "http://www.roblox.com/asset/?id=12503272152"},
    ["GraphiteForest"] = {["Music"] = "", ["Image"] = "http://www.roblox.com/asset/?id=9712218886"},
    ["Cave"] = { ["Camera"] = CFrame.new( 8075.3667, 4981.55127, 594.911621, -0.101673372, -0.0184588619, 0.994646549, -2.32830671e-10, 0.999827802, 0.0185550172, -0.994817853, 0.00188655092, -0.101655856 ), ["Physical"] = true },
    ["OasisBG"] = {["Music"] = "", ["Image"] = "http://www.roblox.com/asset/?id=13845547496"},
    ["Beach"] = {["Music"] = "", ["Image"] = "http://www.roblox.com/asset/?id=9680307420"},
    ["ScienceLab"] = {["Music"] = "", ["Image"] = "http://www.roblox.com/asset/?id=14636969994"},
    ["Graveyard"] = { ["Physical"] = true, ["Camera"] = CFrame.new( 8086.28369, 5020.98584, -235.685181, 0.00148846291, -0.173464388, 0.984838963, -2.91038339e-11, 0.984840095, 0.173464566, -0.999998927, -0.000258195592, 0.00146589777 ) },
    ["IceRoute"] = {["Music"] = "", ["Image"] = "rbxassetid://16238328061"},
    ["RunicEaster"] = {["Music"] = "", ["Image"] = "http://www.roblox.com/asset/?id=13144642201"},
    ["RunicDefault"] = {["Music"] = "", ["Image"] = "http://www.roblox.com/asset/?id=13044448860"},
    ["ChefsValley"] = {["Music"] = "", ["Image"] = "http://www.roblox.com/asset/?id=10244452691"},
    ["AridMines"] = {["Music"] = "", ["Image"] = "http://www.roblox.com/asset/?id=11705549546"},
    ["PrintingRanch"] = {["Music"] = "", ["Image"] = "http://www.roblox.com/asset/?id=12193798026"},
    ["Route4"] = {["Music"] = "", ["Image"] = "http://www.roblox.com/asset/?id=9129733306"},
    ["Village"] = { ["Camera"] = CFrame.new( 7947.57617, 4961.60059, 306.274048, 0.12812677, -0.157846391, 0.979115903, 1.86264537e-09, 0.98725307, 0.1591582, -0.99175781, -0.0203924235, 0.126493543 ), ["Physical"] = true },
    ["Temple"] = {["Music"] = "", ["Image"] = "http://www.roblox.com/asset/?id=9571815096"},
    ["Maze"] = {["Music"] = "", ["Image"] = "http://www.roblox.com/asset/?id=9787936238"}
}
