data = {
  CFrame.new(-620.174133, 25.0779305, 5469.99658, -0.939696848, 0, -0.342009783, 0, 1, 0, 0.342009783, 0, -0.939696848),
  CFrame.new(-587.719177, 30.6503258, 5720.7876, -0.971913874, 0, -0.235347658, 0, 1, 0, 0.235347956, 0, -0.971910298),
  CFrame.new(-531.809753, 30.1956825, 5596.18115, 0.99619782, 0, 0.0871200413, 0, 1, 0, -0.0871200413, 0, 0.99619782),
  CFrame.new(-401.14502, 25.2106972, 5438.32812, -0.886188567, 0, 0.463324755, 0, 1.00000012, 0, -0.463324696, 0, -0.886188686),
  CFrame.new(-705.312073, 29.2280293, 5727.54443, 0.241920501, 0, -0.970296144, 0, 1, 0, 0.970296144, 0, 0.241920501),
  CFrame.new(-568.695923, 35.0111275, 5919.6333, -0.19889085, 0, 0.980021656, 0, 1, 0, -0.980021656, 0, -0.19889085),
  CFrame.new(-691.162415, 25.1917343, 5972.08203, 0.374606639, 0, -0.927183867, 0, 1.00000012, 0, 0.927183867, 0, 0.374606639),
  CFrame.new(-303.75415, 29.1914577, 5761.01025, 0.194825426, 0, 0.980838478, 0, 1.00000107, 0, -0.980839014, 0, 0.194825515),
  CFrame.new(-436.664337, 30.065834, 5830.70215, -0.122530647, 0, -0.992464721, 0, 1, 0, 0.992464721, 0, -0.122530647),
  CFrame.new(-450.291138, 30.7205429, 5696.84033, 0.837432861, 0, 0.546540201, 0, 1, 0, -0.546540201, 0, 0.837432861),
  CFrame.new(-277.924805, 24.7252598, 5570.46191, -0.422617972, 0, 0.906307936, 0, 1, 0, -0.906307936, 0, -0.422617972),
  CFrame.new(-599.111633, 24.3716717, 6099.69189, 0.812357008, 0, -0.583159387, 0, 1, 0, 0.583159387, 0, 0.812357008),
  CFrame.new(-416.103394, 24.93787, 6133.78809, 0.987688661, 0, 0.156434178, 0, 1, 0, -0.156434178, 0, 0.987688661),
  CFrame.new(-446.630493, 30.2542019, 5970.93555, -0.342019528, -1.64019141e-07, -0.939691365, 0, 1, -1.74545264e-07, 0.939691365, -5.96980598e-08, -0.342019528),
  CFrame.new(-748.422485, 29.322258, 5578.23096, 0.939692557, 0, -0.342020422, 0, 1.00000024, 0, 0.342020392, 0, 0.939692676),
  CFrame.new(-285.036377, 29.4666843, 5957.84229, -0.979133248, 0, -0.203221709, 0, 0.999999464, 0, 0.203221709, 0, -0.979133248)
}
