data = {
    ["items"] = {
        {
            ["color1default"] = Color3.fromRGB(255, 175, 0),
            ["departFxId"] = 1,
            ["id"] = 1,
            ["color1"] = {["C1"] = true, ["Ax2_3"] = true, ["Ax2_2"] = true, ["Ax2_1"] = true},
            ["animAsset"] = "https://www.roblox.com/item.aspx?id=465032018",
            ["name"] = "TeacupsCart",
            ["hasAnchor"] = true,
            ["basemodel"] = "Model",
            ["vname"] = "Teacups cart",
            ["travelTime"] = 32
        },
        {
            ["color1default"] = Color3.fromRGB(245, 205, 48),
            ["departFxId"] = 1,
            ["id"] = 2,
            ["color2default"] = Color3.fromRGB(163, 162, 165),
            ["color1"] = {["C1"] = true},
            ["color2"] = {["C2"] = true},
            ["color3default"] = Color3.fromRGB(99, 95, 98),
            ["name"] = "DroptowerCart",
            ["animAsset"] = "https://www.roblox.com/item.aspx?id=465018201",
            ["vname"] = "Droptower cart",
            ["basemodel"] = "Model",
            ["travelTime"] = 15,
            ["color3"] = {["Ax1"] = true, ["C3"] = true}
        },
        {
            ["color1default"] = Color3.fromRGB(255, 175, 0),
            ["departFxId"] = 1,
            ["id"] = 3,
            ["color2default"] = Color3.fromRGB(4, 175, 236),
            ["color1"] = {["Ax1_4"] = true, ["Ax1_3"] = true, ["Ax1"] = true, ["Ax1_2"] = true},
            ["color2"] = {["Ax2_4"] = true, ["Ax2_3"] = true, ["Ax2_2"] = true, ["Ax2"] = true},
            ["color3default"] = Color3.fromRGB(170, 0, 170),
            ["name"] = "SpaceRingsCart",
            ["animAsset"] = "https://www.roblox.com/item.aspx?id=468298377",
            ["vname"] = "Space ring",
            ["basemodel"] = "Model",
            ["travelTime"] = 25,
            ["color3"] = {["Ax3_3"] = true, ["Ax3_4"] = true, ["Ax3"] = true, ["Ax3_2"] = true}
        },
        {
            ["hasAnchor"] = true,
            ["departFxId"] = 1,
            ["id"] = 4,
            ["color2default"] = Color3.fromRGB(163, 162, 165),
            ["color1default"] = Color3.fromRGB(196, 40, 28),
            ["color1"] = {["C1"] = true},
            ["vname"] = "Twister cart",
            ["color3default"] = Color3.fromRGB(99, 95, 98),
            ["color3"] = {["Ax1"] = true},
            ["travelTime"] = 61,
            ["animAsset"] = "https://www.roblox.com/item.aspx?id=1267065446",
            ["basemodel"] = "Model",
            ["color2"] = {["Ax2_2"] = true, ["Ax2_3"] = true, ["Ax2_1"] = true, ["C2"] = true},
            ["name"] = "TwisterCart"
        },
        {
            ["hasAnchor"] = true,
            ["departFxId"] = 1,
            ["id"] = 5,
            ["color2default"] = Color3.fromRGB(86, 66, 54),
            ["color1default"] = Color3.fromRGB(108, 88, 75),
            ["color1"] = {["C1"] = true},
            ["vname"] = "Swinging ship",
            ["color3default"] = Color3.fromRGB(163, 162, 165),
            ["color3"] = {["C3"] = true, ["Ax1"] = true, ["HumanoidRootPart"] = true},
            ["travelTime"] = 60,
            ["animAsset"] = "https://www.roblox.com/item.aspx?id=482184333",
            ["basemodel"] = "Model",
            ["color2"] = {["C2"] = true},
            ["name"] = "SShipCart"
        },
        {
            ["color1default"] = Color3.fromRGB(110, 153, 202),
            ["departFxId"] = 1,
            ["restraints"] = {
                ["Rst8"] = CFrame.new(0, 0, 0, 1, 0, 0, 0, 0, -1, 0, 1, 0),
                ["Rst6"] = CFrame.new(0, 0, 0, 1, 0, 0, 0, 0, -1, 0, 1, 0),
                ["Rst5"] = CFrame.new(0, 0, 0, 1, 0, 0, 0, 0, -1, 0, 1, 0),
                ["Rst2"] = CFrame.new(0, 0, 0, 1, 0, 0, 0, 0, -1, 0, 1, 0),
                ["Rst3"] = CFrame.new(0, 0, 0, 1, 0, 0, 0, 0, -1, 0, 1, 0),
                ["Rst7"] = CFrame.new(0, 0, 0, 1, 0, 0, 0, 0, -1, 0, 1, 0),
                ["Rst1"] = CFrame.new(0, 0, 0, 1, 0, 0, 0, 0, -1, 0, 1, 0),
                ["Rst4"] = CFrame.new(0, 0, 0, 1, 0, 0, 0, 0, -1, 0, 1, 0)
            },
            ["vname"] = "Frisbee cart",
            ["color3default"] = Color3.fromRGB(159, 173, 192),
            ["basemodel"] = "Model",
            ["id"] = 6,
            ["color2default"] = Color3.fromRGB(231, 231, 236),
            ["color1"] = {["C1"] = true},
            ["animAsset"] = "https://www.roblox.com/item.aspx?id=476006792",
            ["travelTime"] = 60,
            ["color3"] = {["C3"] = true, ["Ax2"] = true},
            ["name"] = "FrisbeeCart",
            ["restraintsSfx"] = true,
            ["pivotHookModelNames"] = {
                ["Rst8"] = CFrame.new(-147.999908, 6.04649925, -68.6047211, -1, 0, 0, 0, 1, 0, 0, 0, -1),
                ["Rst6"] = CFrame.new(-139.395203, 6.04649925, -59.9999924, 0, 0, 1, 0, 1, -0, -1, 0, 0),
                ["Rst5"] = CFrame.new(
                    -141.915451,
                    6.04650021,
                    -53.9155235,
                    0.707134247,
                    0,
                    0.707079291,
                    0,
                    1,
                    0,
                    -0.707079291,
                    0,
                    0.707134247
                ),
                ["Rst2"] = CFrame.new(-156.60466, 6.04649925, -59.9999924, 0, 0, -1, 0, 1, 0, 1, 0, 0),
                ["Rst3"] = CFrame.new(
                    -154.084396,
                    6.04649925,
                    -53.9155273,
                    0.707134247,
                    -0,
                    -0.707079291,
                    0,
                    1,
                    -0,
                    0.707079291,
                    0,
                    0.707134247
                ),
                ["Rst7"] = CFrame.new(
                    -141.915451,
                    6.04649925,
                    -66.084465,
                    -0.707134247,
                    0,
                    0.707079291,
                    0,
                    1,
                    0,
                    -0.707079291,
                    0,
                    -0.707134247
                ),
                ["Rst1"] = CFrame.new(
                    -154.084396,
                    6.04649925,
                    -66.0844574,
                    -0.707134247,
                    0,
                    -0.707079291,
                    0,
                    1,
                    0,
                    0.707079291,
                    0,
                    -0.707134247
                ),
                ["Rst4"] = CFrame.new(-147.999908, 6.04649925, -51.3952599, 1, 0, 0, 0, 1, 0, 0, 0, 1)
            },
            ["hasAnchor"] = true,
            ["color2"] = {["C2"] = true}
        },
        {
            ["hasAnchor"] = true,
            ["departFxId"] = 1,
            ["id"] = 7,
            ["color2default"] = Color3.fromRGB(205, 205, 205),
            ["color1"] = {["Ax1"] = true, ["C1"] = true},
            ["animAsset"] = "https://www.roblox.com/item.aspx?id=476117457",
            ["travelTime"] = 60,
            ["color1default"] = Color3.fromRGB(128, 187, 219),
            ["vname"] = "Observation tower deck",
            ["basemodel"] = "Model",
            ["color2"] = {["Ax2_2"] = true, ["Ax2_1"] = true, ["C2"] = true},
            ["name"] = "ObsTowerCart"
        },
        {
            ["color1default"] = Color3.fromRGB(110, 153, 202),
            ["departFxId"] = 1,
            ["restraints"] = {
                ["Rst9"] = CFrame.new(0, 0, 0, 1, 0, 0, 0, 0, -1, 0, 1, 0),
                ["Rst5"] = CFrame.new(0, 0, 0, 1, 0, 0, 0, 0, -1, 0, 1, 0),
                ["Rst12"] = CFrame.new(0, 0, 0, 1, 0, -0, 0, 0, 1, 0, -1, 0),
                ["Rst1"] = CFrame.new(0, 0, 0, 1, 0, 0, 0, 0, -1, 0, 1, 0),
                ["Rst4"] = CFrame.new(0, 0, 0, 1, 0, -0, 0, 0, 1, 0, -1, 0),
                ["Rst2"] = CFrame.new(0, 0, 0, 1, 0, -0, 0, 0, 1, 0, -1, 0),
                ["Rst6"] = CFrame.new(0, 0, 0, 1, 0, -0, 0, 0, 1, 0, -1, 0),
                ["Rst10"] = CFrame.new(0, 0, 0, 1, 0, -0, 0, 0, 1, 0, -1, 0),
                ["Rst3"] = CFrame.new(0, 0, 0, 1, 0, 0, 0, 0, -1, 0, 1, 0),
                ["Rst8"] = CFrame.new(0, 0, 0, 1, 0, -0, 0, 0, 1, 0, -1, 0),
                ["Rst7"] = CFrame.new(0, 0, 0, 1, 0, 0, 0, 0, -1, 0, 1, 0),
                ["Rst11"] = CFrame.new(0, 0, 0, 1, 0, 0, 0, 0, -1, 0, 1, 0)
            },
            ["vname"] = "Topple tower cart",
            ["color3default"] = Color3.fromRGB(163, 162, 165),
            ["basemodel"] = "Model",
            ["id"] = 8,
            ["color2default"] = Color3.fromRGB(231, 231, 236),
            ["color1"] = {["C1"] = true},
            ["animAsset"] = "https://www.roblox.com/item.aspx?id=484662561",
            ["travelTime"] = 55,
            ["color3"] = {["C3"] = true},
            ["name"] = "ToppleCart",
            ["restraintsSfx"] = true,
            ["pivotHookModelNames"] = {
                ["Rst9"] = CFrame.new(
                    224.416321,
                    45.3434219,
                    -82.0615387,
                    -0.866007447,
                    0,
                    -0.500031412,
                    0,
                    1,
                    0,
                    0.500031412,
                    0,
                    -0.866007447
                ),
                ["Rst5"] = CFrame.new(
                    231.44545,
                    45.3434219,
                    -82.0611267,
                    -0.866007447,
                    0,
                    0.500031412,
                    0,
                    1,
                    0,
                    -0.500031412,
                    0,
                    -0.866007447
                ),
                ["Rst12"] = CFrame.new(
                    234.021057,
                    45.3434219,
                    -72.457016,
                    -0.499959469,
                    0,
                    -0.866048813,
                    0,
                    1,
                    0,
                    0.866048813,
                    0,
                    -0.499959469
                ),
                ["Rst1"] = CFrame.new(234.959656, 45.3434219, -75.9735107, 0, 0, 1, 0, 1, -0, -1, 0, 0),
                ["Rst4"] = CFrame.new(
                    221.839508,
                    45.3434219,
                    -72.4578094,
                    -0.499959469,
                    0,
                    0.866048813,
                    0,
                    1,
                    0,
                    -0.866048813,
                    0,
                    -0.499959469
                ),
                ["Rst2"] = CFrame.new(220.897491, 45.3434219, -75.9743805, 0, 0, 1, 0, 1, -0, -1, 0, 0),
                ["Rst6"] = CFrame.new(
                    224.413605,
                    45.3434219,
                    -69.8833771,
                    -0.866007447,
                    0,
                    0.500031412,
                    0,
                    1,
                    0,
                    -0.500031412,
                    0,
                    -0.866007447
                ),
                ["Rst10"] = CFrame.new(
                    231.446625,
                    45.3434219,
                    -69.8829193,
                    -0.866007447,
                    0,
                    -0.500031412,
                    0,
                    1,
                    0,
                    0.500031412,
                    0,
                    -0.866007447
                ),
                ["Rst3"] = CFrame.new(
                    234.018143,
                    45.3434219,
                    -79.4881287,
                    -0.499959469,
                    0,
                    0.866048813,
                    0,
                    1,
                    0,
                    -0.866048813,
                    0,
                    -0.499959469
                ),
                ["Rst8"] = CFrame.new(227.930054, 45.3434219, -68.9409027, -1, 0, 0, 0, 1, 0, 0, 0, -1),
                ["Rst7"] = CFrame.new(227.930939, 45.3434219, -83.0030518, -1, 0, 0, 0, 1, 0, 0, 0, -1),
                ["Rst11"] = CFrame.new(
                    221.843323,
                    45.3434219,
                    -79.4888611,
                    -0.499959469,
                    0,
                    -0.866048813,
                    0,
                    1,
                    0,
                    0.866048813,
                    0,
                    -0.499959469
                )
            },
            ["hasAnchor"] = true,
            ["color2"] = {["C2"] = true}
        },
        {
            ["hasAnchor"] = true,
            ["departFxId"] = 1,
            ["id"] = 9,
            ["color2default"] = Color3.fromRGB(99, 95, 98),
            ["color1"] = {["C1"] = true},
            ["color2"] = {["C2"] = true},
            ["animAsset"] = "https://www.roblox.com/item.aspx?id=490583092",
            ["name"] = "GravCart",
            ["color1default"] = Color3.fromRGB(9, 137, 207),
            ["travelTime"] = 41,
            ["basemodel"] = "Model",
            ["pose"] = -1,
            ["vname"] = "Gravitron cart"
        },
        {
            ["color1default"] = Color3.fromRGB(188, 155, 93),
            ["id"] = 10,
            ["color1"] = {["Ax2"] = true},
            ["animAsset"] = "https://www.roblox.com/item.aspx?id=509210938",
            ["name"] = "SpiralSlideCart",
            ["hasAnchor"] = true,
            ["basemodel"] = "Model",
            ["vname"] = "Mat",
            ["travelTime"] = 7
        },
        {
            ["color1default"] = Color3.fromRGB(110, 153, 202),
            ["departFxId"] = 1,
            ["restraints"] = {
                ["Rst9"] = CFrame.new(0, 0, 0, 1, 0, 0, 0, 0.707134247, -0.707079291, 0, 0.707079291, 0.707134247),
                ["Rst5"] = CFrame.new(0, 0, 0, 1, 0, 0, 0, 0.707134247, -0.707079291, 0, 0.707079291, 0.707134247),
                ["Rst12"] = CFrame.new(0, 0, 0, 1, 0, 0, 0, 0.707134247, -0.707079291, 0, 0.707079291, 0.707134247),
                ["Rst1"] = CFrame.new(0, 0, 0, 1, 0, 0, 0, 0.707134247, -0.707079291, 0, 0.707079291, 0.707134247),
                ["Rst4"] = CFrame.new(0, 0, 0, 1, 0, 0, 0, 0.707134247, -0.707079291, 0, 0.707079291, 0.707134247),
                ["Rst2"] = CFrame.new(0, 0, 0, 1, 0, 0, 0, 0.707134247, -0.707079291, 0, 0.707079291, 0.707134247),
                ["Rst6"] = CFrame.new(0, 0, 0, 1, 0, 0, 0, 0.707134247, -0.707079291, 0, 0.707079291, 0.707134247),
                ["Rst10"] = CFrame.new(0, 0, 0, 1, 0, 0, 0, 0.707134247, -0.707079291, 0, 0.707079291, 0.707134247),
                ["Rst3"] = CFrame.new(0, 0, 0, 1, 0, 0, 0, 0.707134247, -0.707079291, 0, 0.707079291, 0.707134247),
                ["Rst8"] = CFrame.new(0, 0, 0, 1, 0, 0, 0, 0.707134247, -0.707079291, 0, 0.707079291, 0.707134247),
                ["Rst7"] = CFrame.new(0, 0, 0, 1, 0, 0, 0, 0.707134247, -0.707079291, 0, 0.707079291, 0.707134247),
                ["Rst11"] = CFrame.new(0, 0, 0, 1, 0, 0, 0, 0.707134247, -0.707079291, 0, 0.707079291, 0.707134247)
            },
            ["vname"] = "Enterprise cart",
            ["color3default"] = Color3.fromRGB(163, 162, 165),
            ["basemodel"] = "Model",
            ["id"] = 11,
            ["color2default"] = Color3.fromRGB(223, 223, 222),
            ["color1"] = {["Ax1"] = true, ["C1"] = true},
            ["animAsset"] = "https://www.roblox.com/item.aspx?id=525440189",
            ["travelTime"] = 61,
            ["color3"] = {
                ["Ax2"] = true,
                ["Ax3_7"] = true,
                ["Ax3_8"] = true,
                ["Ax3_2"] = true,
                ["Ax3_9"] = true,
                ["Ax3_10"] = true,
                ["Ax3_1"] = true,
                ["Ax3_12"] = true,
                ["C3"] = true,
                ["Ax3_11"] = true,
                ["Ax3_3"] = true,
                ["Ax3_4"] = true,
                ["Ax3_6"] = true,
                ["Ax3_5"] = true
            },
            ["name"] = "EnterpriseCart",
            ["restraintsSfx"] = true,
            ["pivotHookModelNames"] = {
                ["Rst9"] = CFrame.new(
                    -46.7731247,
                    51.5688667,
                    21.6112022,
                    -0.866007447,
                    0,
                    -0.500031412,
                    0,
                    1,
                    0,
                    0.500031412,
                    0,
                    -0.866007447
                ),
                ["Rst5"] = CFrame.new(
                    -37.4385986,
                    51.5688667,
                    -3.00029397,
                    -1.1920929e-07,
                    0,
                    1.00000012,
                    0,
                    1,
                    0,
                    -1.00000012,
                    0,
                    -1.1920929e-07
                ),
                ["Rst12"] = CFrame.new(
                    -25.3898811,
                    51.5688667,
                    23.7721043,
                    0.500045776,
                    -0,
                    -0.865998983,
                    0,
                    1,
                    -0,
                    0.865998983,
                    0,
                    0.500045776
                ),
                ["Rst1"] = CFrame.new(
                    -20.7911835,
                    51.5688667,
                    17.389204,
                    0.866007268,
                    -0,
                    -0.500031412,
                    0,
                    1,
                    -0,
                    0.500031412,
                    0,
                    0.866007268
                ),
                ["Rst4"] = CFrame.new(
                    -29.6118279,
                    51.5688667,
                    -2.2095108,
                    0.499959469,
                    0,
                    0.866048813,
                    0,
                    1,
                    0,
                    -0.866048813,
                    0,
                    0.499959469
                ),
                ["Rst2"] = CFrame.new(-20.0006638, 51.5688667, 9.56252384, 1, 0, 0, 0, 1, 0, 0, 0, 1),
                ["Rst6"] = CFrame.new(
                    -44.6118851,
                    51.5688667,
                    0.228149652,
                    -0.499959469,
                    0,
                    0.866048813,
                    0,
                    1,
                    0,
                    -0.866048813,
                    0,
                    -0.499959469
                ),
                ["Rst10"] = CFrame.new(
                    -40.389904,
                    51.5688667,
                    26.2098351,
                    -0.499959469,
                    0,
                    -0.866048813,
                    0,
                    1,
                    0,
                    0.866048813,
                    0,
                    -0.499959469
                ),
                ["Rst3"] = CFrame.new(
                    -23.229084,
                    51.5688667,
                    2.38884974,
                    0.866007268,
                    0,
                    0.500031412,
                    0,
                    1,
                    0,
                    -0.500031412,
                    0,
                    0.866007268
                ),
                ["Rst8"] = CFrame.new(-50.0014343, 51.5688667, 14.437499, -1, 0, 0, 0, 1, 0, 0, 0, -1),
                ["Rst7"] = CFrame.new(
                    -49.2103615,
                    51.5688667,
                    6.61075163,
                    -0.866007447,
                    0,
                    0.500031412,
                    0,
                    1,
                    0,
                    -0.500031412,
                    0,
                    -0.866007447
                ),
                ["Rst11"] = CFrame.new(
                    -32.5635681,
                    51.5688667,
                    27.0004654,
                    -1.1920929e-07,
                    -0,
                    -1.00000012,
                    0,
                    1,
                    -0,
                    1.00000012,
                    0,
                    -1.1920929e-07
                )
            },
            ["hasAnchor"] = true,
            ["color2"] = {["C2"] = true}
        },
        {
            ["hasAnchor"] = true,
            ["departFxId"] = 1,
            ["color1default"] = Color3.fromRGB(237, 234, 234),
            ["id"] = 12,
            ["color2default"] = Color3.fromRGB(9, 137, 207),
            ["seatsLoadOrder"] = {
                "Cart1",
                "Cart2",
                "Cart3",
                "Cart4",
                "Cart5",
                "Cart6",
                "Cart7",
                "Cart8",
                "Cart9",
                "Cart10",
                "Cart11",
                "Cart12"
            },
            ["color1"] = {["C1"] = true},
            ["animAsset"] = "https://www.roblox.com/item.aspx?id=575245402",
            ["color3default"] = Color3.fromRGB(255, 0, 0),
            ["travelTime"] = 15,
            ["color2"] = {["C2"] = true},
            ["name"] = "FerrisWheelCart",
            ["basemodel"] = "Model",
            ["vname"] = "Ferris wheel",
            ["color3"] = {["C3"] = true}
        },
        {
            ["color1default"] = Color3.fromRGB(33, 84, 185),
            ["departFxId"] = 1,
            ["restraints"] = {
                ["Rst6"] = CFrame.new(0, 0, 0, 1, 0, 0, 0, 0.15644598, -0.987686574, 0, 0.987686574, 0.15644598),
                ["Rst5"] = CFrame.new(0, 0, 0, 1, 0, 0, 0, 0.15644598, -0.987686574, 0, 0.987686574, 0.15644598),
                ["Rst3"] = CFrame.new(0, 0, 0, 1, 0, 0, 0, 0.15644598, -0.987686574, 0, 0.987686574, 0.15644598),
                ["Rst2"] = CFrame.new(0, 0, 0, 1, 0, 0, 0, 0.15644598, -0.987686574, 0, 0.987686574, 0.15644598),
                ["Rst1"] = CFrame.new(0, 0, 0, 1, 0, 0, 0, 0.15644598, -0.987686574, 0, 0.987686574, 0.15644598),
                ["Rst4"] = CFrame.new(0, 0, 0, 1, 0, 0, 0, 0.15644598, -0.987686574, 0, 0.987686574, 0.15644598)
            },
            ["vname"] = "Fire ball train",
            ["color3default"] = Color3.fromRGB(196, 40, 28),
            ["basemodel"] = "Model",
            ["id"] = 13,
            ["color2default"] = Color3.fromRGB(27, 42, 53),
            ["color1"] = {["Ax1"] = true, ["C1"] = true},
            ["animAsset"] = "https://www.roblox.com/item.aspx?id=596729431",
            ["travelTime"] = 61,
            ["color3"] = {["C3"] = true},
            ["name"] = "FireBallCart",
            ["restraintsSfx"] = true,
            ["pivotHookModelNames"] = {
                ["Rst6"] = CFrame.new(
                    -124.100418,
                    7.23966599,
                    -111.711197,
                    1,
                    -0,
                    0,
                    0,
                    0.942631841,
                    0.333834171,
                    -0,
                    -0.333834171,
                    0.942631841
                ),
                ["Rst5"] = CFrame.new(
                    -124.099579,
                    7.19830942,
                    -111.827988,
                    -1,
                    0,
                    0,
                    0,
                    0.942631841,
                    -0.333834171,
                    -0,
                    -0.333834171,
                    -0.942631841
                ),
                ["Rst3"] = CFrame.new(-124.099579, 6.24650955, -117.490776, -1, 0, 0, 0, 1, 0, 0, 0, -1),
                ["Rst2"] = CFrame.new(
                    -124.100418,
                    7.19826412,
                    -123.029564,
                    1,
                    0,
                    0,
                    0,
                    0.942631841,
                    -0.333834171,
                    0,
                    0.333834171,
                    0.942631841
                ),
                ["Rst1"] = CFrame.new(
                    -124.099579,
                    7.23962116,
                    -123.146355,
                    -1,
                    0,
                    0,
                    0,
                    0.942631841,
                    0.333834171,
                    0,
                    0.333834171,
                    -0.942631841
                ),
                ["Rst4"] = CFrame.new(-124.100418, 6.24651003, -117.366913, 1, 0, 0, 0, 1, 0, 0, 0, 1)
            },
            ["hasAnchor"] = true,
            ["color2"] = {["C2"] = true}
        },
        {
            ["hasAnchor"] = true,
            ["departFxId"] = 1,
            ["color1default"] = Color3.fromRGB(255, 0, 0),
            ["id"] = 14,
            ["color2default"] = Color3.fromRGB(163, 162, 165),
            ["travelTime"] = 20.5,
            ["color1"] = {["C1"] = true, ["Ax1"] = true, ["Emitter"] = true},
            ["color2"] = {["C2"] = true},
            ["sound1"] = "rbxasset://sounds/impact_water.mp3",
            ["color3"] = {["C3"] = true},
            ["name"] = "NauticJetCart",
            ["vname"] = "Nautic jet",
            ["basemodel"] = "Model",
            ["color3default"] = Color3.fromRGB(163, 162, 165),
            ["animAsset"] = "https://www.roblox.com/item.aspx?id=719497732"
        },
        {
            ["hasAnchor"] = true,
            ["departFxId"] = 1,
            ["restraints"] = {
                ["Rst3"] = CFrame.new(0, 0, 0, 1, 0, 0, 0, 0.15644598, -0.987686574, 0, 0.987686574, 0.15644598),
                ["Rst2"] = CFrame.new(0, 0, 0, 1, 0, 0, 0, 0.15644598, -0.987686574, 0, 0.987686574, 0.15644598),
                ["Rst1"] = CFrame.new(0, 0, 0, 1, 0, 0, 0, 0.15644598, -0.987686574, 0, 0.987686574, 0.15644598),
                ["Rst4"] = CFrame.new(0, 0, 0, 1, 0, 0, 0, 0.15644598, -0.987686574, 0, 0.987686574, 0.15644598)
            },
            ["id"] = 15,
            ["color2default"] = Color3.fromRGB(231, 231, 236),
            ["color1default"] = Color3.fromRGB(123, 47, 123),
            ["color1"] = {["C1"] = true},
            ["vname"] = "Launched freefall cart",
            ["travelTime"] = 20.5,
            ["name"] = "LFFCart",
            ["pivotHookModelNames"] = {
                ["Rst3"] = CFrame.new(-35.9798927, 47.2785263, -79.3463593, 1, 0, 0, 0, 1, 0, 0, 0, 1),
                ["Rst2"] = CFrame.new(-41.0336494, 47.2785263, -84.3798904, 0, 0, -1, 0, 1, 0, 1, 0, 0),
                ["Rst1"] = CFrame.new(-36.0001144, 47.2785263, -89.4336472, -1, 0, 0, 0, 1, 0, 0, 0, -1),
                ["Rst4"] = CFrame.new(-30.9463615, 47.2785263, -84.400116, 0, 0, 1, 0, 1, -0, -1, 0, 0)
            },
            ["restraintsSfx"] = true,
            ["basemodel"] = "Model",
            ["animAsset"] = "https://www.roblox.com/item.aspx?id=824442710",
            ["color2"] = {["C2"] = true}
        },
        {
            ["hasAnchor"] = true,
            ["departFxId"] = 1,
            ["id"] = 16,
            ["color2default"] = Color3.fromRGB(108, 88, 75),
            ["color1default"] = Color3.fromRGB(108, 88, 75),
            ["color1"] = {["C1"] = true},
            ["color2"] = {["C2"] = true},
            ["color3default"] = Color3.fromRGB(215, 197, 154),
            ["color3"] = {["C3"] = true},
            ["vname"] = "Carousel cart",
            ["travelTime"] = 71,
            ["basemodel"] = "Model",
            ["animAsset"] = "https://www.roblox.com/item.aspx?id=1010008323",
            ["name"] = "CarouselCart"
        },
        {
            ["hasAnchor"] = true,
            ["departFxId"] = 1,
            ["id"] = 17,
            ["color2default"] = Color3.fromRGB(89, 34, 89),
            ["color1default"] = Color3.fromRGB(151, 0, 0),
            ["color1"] = {
                ["Ax2_12"] = true,
                ["Ax2_10"] = true,
                ["Ax2_7"] = true,
                ["Ax2_3"] = true,
                ["Ax2_5"] = true,
                ["Ax2_6"] = true,
                ["Ax2_1"] = true,
                ["Ax2_11"] = true,
                ["Ax1"] = true,
                ["Ax2_2"] = true,
                ["C1"] = true,
                ["Ax2_8"] = true,
                ["Ax2_4"] = true,
                ["Ax2_9"] = true
            },
            ["color2"] = {["C2"] = true},
            ["color3default"] = Color3.fromRGB(237, 234, 234),
            ["color3"] = {["C3"] = true},
            ["vname"] = "Swing ride cart",
            ["travelTime"] = 91,
            ["basemodel"] = "Model",
            ["animAsset"] = "https://www.roblox.com/item.aspx?id=1225756257",
            ["name"] = "SwingRideCart"
        },
        {
            ["hasAnchor"] = true,
            ["departFxId"] = 1,
            ["id"] = 18,
            ["color2default"] = Color3.fromRGB(110, 153, 202),
            ["color1default"] = Color3.fromRGB(196, 40, 28),
            ["color1"] = {
                ["Ax3_1"] = true,
                ["Ax4_5"] = true,
                ["Ax4_3"] = true,
                ["C1"] = true,
                ["Ax4_1"] = true,
                ["Ax3_3"] = true,
                ["Ax3_5"] = true
            },
            ["color2"] = {
                ["Ax4_4"] = true,
                ["Ax4_6"] = true,
                ["Ax3_2"] = true,
                ["Ax4_2"] = true,
                ["Ax3_4"] = true,
                ["Ax3_6"] = true,
                ["C2"] = true
            },
            ["color3default"] = Color3.fromRGB(231, 231, 236),
            ["color3"] = {["C3"] = true},
            ["vname"] = "Plane ride cart",
            ["travelTime"] = 61,
            ["basemodel"] = "Model",
            ["animAsset"] = "https://www.roblox.com/item.aspx?id=1638487167",
            ["name"] = "PlaneRideCart"
        },
        {
            ["color1default"] = Color3.fromRGB(33, 84, 185),
            ["departFxId"] = 1,
            ["restraints"] = {
                ["Rst1"] = CFrame.new(0, 0, 0, 1, 0, 0, 0, 0.587748766, -0.809043527, 0, 0.809043527, 0.587748766)
            },
            ["vname"] = "Slingshot cart",
            ["color3default"] = Color3.fromRGB(163, 162, 165),
            ["basemodel"] = "Model",
            ["id"] = 19,
            ["color2default"] = Color3.fromRGB(231, 231, 236),
            ["color1"] = {["C1"] = true},
            ["animAsset"] = "https://www.roblox.com/item.aspx?id=2288945016",
            ["travelTime"] = 34,
            ["color3"] = {["Ax2"] = true, ["Ax1"] = true, ["C3"] = true},
            ["name"] = "SlingshotCart",
            ["restraintsSfx"] = true,
            ["pivotHookModelNames"] = {
                ["Rst1"] = CFrame.new(8.90493393e-05, 15.346487, -165.5952, 1, 0, 0, 0, 1, 0, 0, 0, 1)
            },
            ["hasAnchor"] = true,
            ["color2"] = {["C2"] = true}
        },
        {
            ["color1default"] = Color3.fromRGB(213, 115, 61),
            ["departFxId"] = 1,
            ["restraints"] = {
                ["Rst9"] = CFrame.new(0, 0, 0, 1, 0, 0, 0, 0.707134247, -0.707079291, 0, 0.707079291, 0.707134247),
                ["Rst5"] = CFrame.new(0, 0, 0, 1, 0, 0, 0, 0.707134247, -0.707079291, 0, 0.707079291, 0.707134247),
                ["Rst12"] = CFrame.new(0, 0, 0, 1, 0, 0, 0, 0.707134247, -0.707079291, 0, 0.707079291, 0.707134247),
                ["Rst1"] = CFrame.new(0, 0, 0, 1, 0, 0, 0, 0.707134247, -0.707079291, 0, 0.707079291, 0.707134247),
                ["Rst4"] = CFrame.new(0, 0, 0, 1, 0, 0, 0, 0.707134247, -0.707079291, 0, 0.707079291, 0.707134247),
                ["Rst2"] = CFrame.new(0, 0, 0, 1, 0, 0, 0, 0.707134247, -0.707079291, 0, 0.707079291, 0.707134247),
                ["Rst6"] = CFrame.new(0, 0, 0, 1, 0, 0, 0, 0.707134247, -0.707079291, 0, 0.707079291, 0.707134247),
                ["Rst10"] = CFrame.new(0, 0, 0, 1, 0, 0, 0, 0.707134247, -0.707079291, 0, 0.707079291, 0.707134247),
                ["Rst3"] = CFrame.new(0, 0, 0, 1, 0, 0, 0, 0.707134247, -0.707079291, 0, 0.707079291, 0.707134247),
                ["Rst8"] = CFrame.new(0, 0, 0, 1, 0, 0, 0, 0.707134247, -0.707079291, 0, 0.707079291, 0.707134247),
                ["Rst7"] = CFrame.new(0, 0, 0, 1, 0, 0, 0, 0.707134247, -0.707079291, 0, 0.707079291, 0.707134247),
                ["Rst11"] = CFrame.new(0, 0, 0, 1, 0, 0, 0, 0.707134247, -0.707079291, 0, 0.707079291, 0.707134247)
            },
            ["vname"] = "Rocking disk cart",
            ["color3default"] = Color3.fromRGB(91, 93, 105),
            ["basemodel"] = "Model",
            ["id"] = 20,
            ["color2default"] = Color3.fromRGB(218, 133, 65),
            ["color1"] = {["C1"] = true},
            ["animAsset"] = "https://www.roblox.com/item.aspx?id=2221675403",
            ["travelTime"] = 91,
            ["color3"] = {["C3"] = true},
            ["name"] = "RDCart",
            ["restraintsSfx"] = true,
            ["pivotHookModelNames"] = {
                ["Rst9"] = CFrame.new(
                    132.700073,
                    13.0000381,
                    -130.940659,
                    0.866040111,
                    -0.499974549,
                    -5.49852848e-06,
                    5.49852848e-06,
                    2.05039978e-05,
                    -1.00000012,
                    0.499974549,
                    0.86604017,
                    2.05039978e-05
                ),
                ["Rst5"] = CFrame.new(
                    132.699951,
                    13.0000381,
                    -114.659286,
                    -0.866039991,
                    -0.499974549,
                    5.5283308e-06,
                    5.5283308e-06,
                    -2.06232071e-05,
                    -0.99999994,
                    0.499974549,
                    -0.866040051,
                    2.06232071e-05
                ),
                ["Rst12"] = CFrame.new(
                    119.859497,
                    13.0000381,
                    -127.5,
                    0.500061035,
                    0.865990162,
                    -2.33948231e-05,
                    2.33948231e-05,
                    -4.05311584e-05,
                    -1,
                    -0.865990162,
                    0.500061035,
                    -4.05311584e-05
                ),
                ["Rst1"] = CFrame.new(118.599823, 13.0000038, -122.800125, 0, 1, 0, 0, 0, -1, -1, 0, 0),
                ["Rst4"] = CFrame.new(127.999924, 13.0000381, -113.399948, -1, 0, -0, 0, 0, -1, 0, -1, -0),
                ["Rst2"] = CFrame.new(
                    119.859161,
                    13.0000057,
                    -118.100021,
                    -0.5,
                    0.866025388,
                    -5.86211681e-05,
                    4.70876694e-05,
                    -4.05311584e-05,
                    -1,
                    -0.866025329,
                    -0.5,
                    -2.05039978e-05
                ),
                ["Rst6"] = CFrame.new(
                    136.14064,
                    13.0000381,
                    -118.099915,
                    -0.500061035,
                    -0.865990162,
                    -2.33948231e-05,
                    -2.33948231e-05,
                    4.05311584e-05,
                    -1,
                    0.865990162,
                    -0.500061035,
                    -4.05311584e-05
                ),
                ["Rst10"] = CFrame.new(
                    128.000061,
                    13.0000381,
                    -132.200027,
                    1,
                    0,
                    0,
                    0,
                    -1.1920929e-07,
                    -1.00000012,
                    0,
                    1.00000012,
                    -1.1920929e-07
                ),
                ["Rst3"] = CFrame.new(
                    123.299835,
                    13.0000134,
                    -114.659302,
                    -0.866039991,
                    0.499974549,
                    5.5283308e-06,
                    5.5283308e-06,
                    2.06232071e-05,
                    -0.99999994,
                    -0.499974549,
                    -0.866040051,
                    -2.06232071e-05
                ),
                ["Rst8"] = CFrame.new(
                    136.140717,
                    13.0000381,
                    -127.5,
                    0.499938965,
                    -0.866060615,
                    -1.18613243e-05,
                    1.18613243e-05,
                    2.05039978e-05,
                    -1,
                    0.866060615,
                    0.499938965,
                    2.05039978e-05
                ),
                ["Rst7"] = CFrame.new(137.400055, 13.0000381, -122.799957, 0, -1, 0, 0, 0, -1, 1, 0, 0),
                ["Rst11"] = CFrame.new(
                    123.300102,
                    13.0000381,
                    -130.940582,
                    0.866040111,
                    0.499974549,
                    5.49852848e-06,
                    -5.49852848e-06,
                    2.05039978e-05,
                    -1.00000012,
                    -0.499974549,
                    0.86604017,
                    2.05039978e-05
                )
            },
            ["hasAnchor"] = true,
            ["color2"] = {["C2"] = true}
        },
        {
            ["hasAnchor"] = true,
            ["departFxId"] = 1,
            ["restraints"] = {
                ["Rst1"] = CFrame.new(0, 0, 0, 1, -0, 0, 0, 0.707134247, 0.707079291, -0, -0.707079291, 0.707134247),
                ["Rst2"] = CFrame.new(0, 0, 0, 1, -0, 0, 0, 0.707134247, 0.707079291, -0, -0.707079291, 0.707134247)
            },
            ["id"] = 21,
            ["color2default"] = Color3.fromRGB(245, 205, 48),
            ["color1default"] = Color3.fromRGB(218, 133, 65),
            ["color1"] = {["C1"] = true},
            ["vname"] = "Top spin",
            ["travelTime"] = 91,
            ["name"] = "TopSpinCart",
            ["pivotHookModelNames"] = {
                ["Rst1"] = CFrame.new(
                    -7.01000023,
                    42.9249992,
                    -89.0680008,
                    1,
                    0,
                    0,
                    0,
                    -0.707134247,
                    0.707079291,
                    0,
                    -0.707079291,
                    -0.707134247
                ),
                ["Rst2"] = CFrame.new(
                    -7.01000023,
                    44.125,
                    -92.4680023,
                    1,
                    0,
                    0,
                    0,
                    -0.707134247,
                    0.707079291,
                    0,
                    -0.707079291,
                    -0.707134247
                )
            },
            ["restraintsSfx"] = true,
            ["basemodel"] = "Model",
            ["animAsset"] = "https://www.roblox.com/item.aspx?id=2918605662",
            ["color2"] = {["Ax2"] = true, ["Ax1"] = true, ["C2"] = true}
        },
        {
            ["hasAnchor"] = true,
            ["departFxId"] = 1,
            ["color6"] = {["C6"] = true},
            ["vname"] = "Balloon ride",
            ["color3default"] = Color3.fromRGB(196, 40, 28),
            ["color4"] = {["C4"] = true},
            ["basemodel"] = "Model",
            ["color7"] = {["C7"] = true},
            ["color6default"] = Color3.fromRGB(175, 148, 131),
            ["color1default"] = Color3.fromRGB(4, 175, 236),
