data = {
    {
        ["Image"] = "http://www.roblox.com/asset/?id=7369259121",
        ["Name"] = "Bread",
        ["Model"] = "",
        ["Price"] = 4,
        ["Level"] = 0,
        ["Requirements"] = {["Dough"] = 1},
        ["IconCF"] = CFrame.new(
            0.200000003,
            -0.300000012,
            -1.39999998,
            0.892538905,
            -0.157378688,
            0.42261827,
            0.333271444,
            0.861524284,
            -0.383022219,
            -0.303816378,
            0.482708871,
            0.821393728
        )
    },
    {
        ["Image"] = "http://www.roblox.com/asset/?id=7369257869",
        ["Name"] = "Baguette",
        ["Model"] = "Baguette",
        ["Price"] = 20,
        ["Level"] = 1,
        ["Requirements"] = {["Dough"] = 2},
        ["IconCF"] = CFrame.new(
            -1,
            -0.600000024,
            -1.39999998,
            0.892538905,
            -0.157378688,
            0.42261827,
            0.400548965,
            0.707234323,
            -0.582563341,
            -0.207207069,
            0.6892398,
            0.694272041
        )
    },
    {
        ["Image"] = "http://www.roblox.com/asset/?id=7369260898",
        ["Name"] = "Cookies",
        ["Model"] = "Cookies",
        ["Price"] = 50,
        ["Level"] = 2,
        ["Requirements"] = {["Dough"] = 2, ["Sugar"] = 1},
        ["IconCF"] = CFrame.new(
            0.0500000007,
            0,
            -1.39999998,
            0.766044438,
            0,
            0.642787576,
            0.413175881,
            0.766044438,
            -0.492403835,
            -0.492403835,
            0.642787576,
            0.586824059
        )
    },
    {
        ["Image"] = "http://www.roblox.com/asset/?id=7369256960",
        ["Name"] = "Sugar Bread",
        ["Model"] = "Sugar Bread",
        ["Price"] = 80,
        ["Level"] = 4,
        ["Requirements"] = {["Dough"] = 3, ["Sugar"] = 3},
        ["IconCF"] = CFrame.new(
            0.100000001,
            -0.600000024,
            -3.20000005,
            -0.564862549,
            -0.0996005088,
            -0.819151998,
            -0.173648179,
            0.98480773,
            0,
            0.806707203,
            0.14224425,
            -0.57357645
        )
    },
    {
        ["Image"] = "http://www.roblox.com/asset/?id=7369266935",
        ["Name"] = "Vanille Cake",
        ["Model"] = "Vanille Cake",
        ["Price"] = 165,
        ["Level"] = 5,
        ["Requirements"] = {["Dough"] = 5, ["Vanille"] = 3},
        ["IconCF"] = CFrame.new(
            0,
            -0.300000012,
            -2,
            -0.766044438,
            0,
            -0.642787635,
            -0.271653801,
            0.906307757,
            0.323744386,
            0.5825634,
            0.42261827,
            -0.694272041
        )
    },
    {
        ["Image"] = "http://www.roblox.com/asset/?id=7369266437",
        ["Name"] = "Strawberry Cake",
        ["Model"] = "Strawberry Cake",
        ["Price"] = 165,
        ["Level"] = 5,
        ["Requirements"] = {["Dough"] = 5, ["Strawberry"] = 3},
        ["IconCF"] = CFrame.new(
            0,
            -0.300000012,
            -2,
            -0.766044438,
            0,
            -0.642787635,
            -0.271653801,
            0.906307757,
            0.323744386,
            0.5825634,
            0.42261827,
            -0.694272041
        )
    },
    {
        ["Image"] = "http://www.roblox.com/asset/?id=7369265155",
        ["Name"] = "Chocolate Cake",
        ["Model"] = "Chocolate Cake",
        ["Price"] = 165,
        ["Level"] = 5,
        ["Requirements"] = {["Dough"] = 5, ["Chocolate"] = 3},
        ["IconCF"] = CFrame.new(
            0,
            -0.300000012,
            -2,
            -0.766044438,
            0,
            -0.642787635,
            -0.271653801,
            0.906307757,
            0.323744386,
            0.5825634,
            0.42261827,
            -0.694272041
        )
    },
    {
        ["Image"] = "http://www.roblox.com/asset/?id=7369264360",
        ["Name"] = "Vanille Cupcake",
        ["Model"] = "Vanille Cupcake",
        ["Price"] = 250,
        ["Level"] = 6,
        ["Requirements"] = {["Dough"] = 3, ["Vanille Glaze"] = 1},
        ["IconCF"] = CFrame.new(
            0,
            -0.5,
            -1.39999998,
            -0.53898555,
            -0.196174696,
            -0.819151998,
            -0.342020124,
            0.939692616,
            0,
            0.769751072,
            0.280166477,
            -0.57357645
        )
    },
    {
        ["Image"] = "http://www.roblox.com/asset/?id=7369263686",
        ["Name"] = "Strawberry Cupcake",
        ["Model"] = "Strawberry Cupcake",
        ["Price"] = 250,
        ["Level"] = 6,
        ["Requirements"] = {["Dough"] = 3, ["Strawberry Glaze"] = 1},
        ["IconCF"] = CFrame.new(
            0,
            -0.5,
            -1.39999998,
            -0.53898555,
            -0.196174696,
            -0.819151998,
            -0.342020124,
            0.939692616,
            0,
            0.769751072,
            0.280166477,
            -0.57357645
        )
    },
    {
        ["Image"] = "http://www.roblox.com/asset/?id=7369265776",
        ["Name"] = "Chocolate Cupcake",
        ["Model"] = "Chocolate Cupcake",
        ["Price"] = 250,
        ["Level"] = 6,
        ["Requirements"] = {["Dough"] = 3, ["Chocolate Glaze"] = 1},
        ["IconCF"] = CFrame.new(
            0,
            -0.5,
            -1.39999998,
            -0.53898555,
            -0.196174696,
            -0.819151998,
            -0.342020124,
            0.939692616,
            0,
            0.769751072,
            0.280166477,
            -0.57357645
        )
    },
    {
        ["Image"] = "http://www.roblox.com/asset/?id=7369262785",
        ["Name"] = "Vanille Donut",
        ["Model"] = "Vanille Donut",
        ["Price"] = 600,
        ["Level"] = 7,
        ["Requirements"] = {["Dough"] = 4, ["Vanille Glaze"] = 3},
        ["IconCF"] = CFrame.new(
            0,
            -0.200000003,
            -1.39999998,
            -0.280166477,
            -0.196174696,
            -0.939692616,
            -0.57357645,
            0.819152057,
            0,
            0.769751132,
            0.53898555,
            -0.342020124
        )
    },
    {
        ["Image"] = "http://www.roblox.com/asset/?id=7369262111",
        ["Name"] = "Strawberry Donut",
        ["Model"] = "Strawberry Donut",
        ["Price"] = 600,
        ["Level"] = 7,
        ["Requirements"] = {["Dough"] = 4, ["Strawberry Glaze"] = 3},
        ["IconCF"] = CFrame.new(
            0,
            -0.200000003,
            -1.39999998,
            -0.280166477,
            -0.196174696,
            -0.939692616,
            -0.57357645,
            0.819152057,
            0,
            0.769751132,
            0.53898555,
            -0.342020124
        )
    },
    {
        ["Image"] = "http://www.roblox.com/asset/?id=7369260155",
        ["Name"] = "Chocolate Donut",
        ["Model"] = "Chocolate Donut",
        ["Price"] = 600,
        ["Level"] = 7,
        ["Requirements"] = {["Dough"] = 4, ["Chocolate Glaze"] = 3},
        ["IconCF"] = CFrame.new(
            0,
            -0.200000003,
            -1.39999998,
            -0.280166477,
            -0.196174696,
            -0.939692616,
            -0.57357645,
            0.819152057,
            0,
            0.769751132,
            0.53898555,
            -0.342020124
        )
    },
    {
        ["Image"] = "http://www.roblox.com/asset/?id=7369268251",
        ["Name"] = "Vanille Pie",
        ["Model"] = "Vanille Pie",
        ["Price"] = 1250,
        ["Level"] = 8,
        ["Requirements"] = {["Sugar"] = 4, ["Dough"] = 6, ["Vanille Glaze"] = 3},
        ["IconCF"] = CFrame.new(
            0,
            -0.300000012,
            -1.60000002,
            -0.766044438,
            0,
            -0.642787635,
            -0.271653801,
            0.906307757,
            0.323744386,
            0.5825634,
            0.42261827,
            -0.694272041
        )
    },
    {
        ["Image"] = "http://www.roblox.com/asset/?id=7369268251",
        ["Name"] = "Strawberry Pie",
        ["Model"] = "Strawberry Pie",
        ["Price"] = 1250,
        ["Level"] = 8,
        ["Requirements"] = {["Strawberry Glaze"] = 3, ["Sugar"] = 4, ["Dough"] = 6},
        ["IconCF"] = CFrame.new(
            0,
            -0.300000012,
            -1.60000002,
            -0.766044438,
            0,
            -0.642787635,
            -0.271653801,
            0.906307757,
            0.323744386,
            0.5825634,
            0.42261827,
            -0.694272041
        )
    },
    {
        ["Image"] = "http://www.roblox.com/asset/?id=7369268251",
        ["Name"] = "Chocolate Pie",
        ["Model"] = "Chocolate Pie",
        ["Price"] = 1250,
        ["Level"] = 8,
        ["Requirements"] = {["Sugar"] = 4, ["Dough"] = 6, ["Chocolate Glaze"] = 3},
        ["IconCF"] = CFrame.new(
            0,
            -0.300000012,
            -1.60000002,
            -0.766044438,
            0,
            -0.642787635,
            -0.271653801,
            0.906307757,
            0.323744386,
            0.5825634,
            0.42261827,
            -0.694272041
        )
    },
    {
        ["Image"] = "http://www.roblox.com/asset/?id=7369256960",
        ["Name"] = "Croissant",
        ["Model"] = "Croissant",
        ["Price"] = 150,
        ["Level"] = 9,
        ["Requirements"] = {["Dough"] = 1, ["Butter"] = 2},
        ["IconCF"] = CFrame.new(
            0,
            -0.200000003,
            -1.39999998,
            -0.280166477,
            -0.196174696,
            -0.939692616,
            -0.57357645,
            0.819152057,
            0,
            0.769751132,
            0.53898555,
            -0.342020124
        )
    },
    {
        ["Image"] = "http://www.roblox.com/asset/?id=7369267758",
        ["Name"] = "Wedding Cake",
        ["Model"] = "Wedding Cake",
        ["Price"] = 10000,
        ["Level"] = 10,
        ["Requirements"] = {
            ["Strawberry Glaze"] = 10,
            ["Chocolate Glaze"] = 10,
            ["Roses"] = 10,
            ["Dough"] = 30,
            ["Vanille Glaze"] = 40
        },
        ["IconCF"] = CFrame.new(
            0,
            -2.29999995,
            -3.5,
            0.939692616,
            0,
            -0.342020124,
            0,
            1,
            0,
            0.342020124,
            0,
            0.939692616
        )
    },
    {
        ["Image"] = "http://www.roblox.com/asset/?id=7414585623",
        ["Name"] = "Whipped Cream Cake",
        ["Model"] = "Whipped Cream Cake",
        ["Price"] = 1500,
        ["Level"] = 11,
        ["Requirements"] = {["Whipped Cream"] = 5, ["Sugar"] = 10, ["Dough"] = 10, ["Tangerine"] = 10},
        ["IconCF"] = CFrame.new(
            0,
            -0.600000024,
            -2.20000005,
            -0.766044438,
            0,
            -0.642787635,
            -0.271653801,
            0.906307757,
            0.323744386,
            0.5825634,
            0.42261827,
            -0.694272041
        )
    },
    {
        ["Image"] = "http://www.roblox.com/asset/?id=7414582793",
        ["Name"] = "Banana Cream Cake",
        ["Model"] = "Banana Cream Cake",
        ["Price"] = 3000,
        ["Level"] = 12,
        ["Requirements"] = {["Whipped Cream"] = 5, ["Sugar"] = 10, ["Dough"] = 10, ["Banana"] = 5},
        ["IconCF"] = CFrame.new(
            0,
            -0.600000024,
            -2.20000005,
            -0.766044438,
            0,
            -0.642787635,
            -0.271653801,
            0.906307757,
            0.323744386,
            0.5825634,
            0.42261827,
            -0.694272041
        )
    },
    {
        ["Image"] = "http://www.roblox.com/asset/?id=8172246688",
        ["Name"] = "Birthday Cake",
        ["Model"] = "Birthday Cake",
        ["Price"] = 20000,
        ["Level"] = 16,
        ["Requirements"] = {
            ["Sugar"] = 50,
            ["Strawberry"] = 50,
            ["Candle"] = 5,
            ["Whipped Cream"] = 5,
            ["Dough"] = 50,
            ["Vanille Glaze"] = 20
        },
        ["IconCF"] = CFrame.new(
            0,
            -0.600000024,
            -2.20000005,
            -0.766044438,
            0,
            -0.642787635,
            -0.271653801,
            0.906307757,
            0.323744386,
            0.5825634,
            0.42261827,
            -0.694272041
        )
    },
    {
        ["Requirements"] = {["Carrot"] = 1, ["Sugar"] = 1, ["Dough"] = 2},
        ["Image"] = "http://www.roblox.com/asset/?id=8172105477",
        ["Name"] = "Easter Cookie",
        ["Model"] = "Easter Cookie",
        ["Price"] = 15,
        ["Level"] = 0,
        ["Event"] = "Easter",
        ["IconCF"] = CFrame.new(
            0,
            0,
            -2.20000005,
            -0.766044438,
            0,
            -0.642787635,
            -0.271653801,
            0.906307757,
            0.323744386,
            0.5825634,
            0.42261827,
            -0.694272041
        )
    },
    {
        ["Device"] = "Blender",
        ["Image"] = "rbxassetid://7509539000",
        ["Name"] = "StrawberryBanana smoothie bowl",
        ["Model"] = "StrawberryBanana smoothie bowl",
        ["Price"] = 3500,
        ["Level"] = 15,
        ["Requirements"] = {["Banana"] = 3, ["Sugar"] = 10, ["Strawberry"] = 6, ["Yogurt"] = 3},
        ["IconCF"] = CFrame.new(
            0,
            -0.300000012,
            -1.39999998,
            -4.35450538e-08,
            3.80969833e-09,
            1,
            0.57357645,
            0.819152057,
            2.18556941e-08,
            -0.819152057,
            0.57357645,
            -3.78551732e-08
        )
    },
    {
        ["Requirements"] = {
            ["Strawberry Glaze"] = 1,
            ["Sugar"] = 3,
            ["Chocolate Glaze"] = 1,
            ["Dough"] = 5,
            ["Vanille Glaze"] = 1
        },
        ["Image"] = "http://www.roblox.com/asset/?id=7369263686",
        ["Name"] = "Christmas Macarons",
        ["Model"] = "Christmas Macarons",
        ["Price"] = 50,
        ["Level"] = 9,
        ["Event"] = "Christmas",
        ["IconCF"] = CFrame.new(
            0,
            0,
            -1.60000002,
            -3.58062735e-08,
            -2.50718237e-08,
            -1,
            -0.57357645,
            0.819152057,
            0,
            0.819152057,
            0.57357645,
            -4.37113883e-08
        )
    },
    {
        ["Name"] = "Vanille Glaze",
        ["Model"] = "Tangerine smoothie bowl",
        ["Price"] = 0,
        ["Level"] = 0,
        ["Requirements"] = {["Sugar"] = 3, ["Vanille"] = 1, ["Milk"] = 1},
        ["Device"] = "Mixer"
    },
    {
        ["Name"] = "Cream Cheese",
        ["Model"] = "TangerineChocolate smoothie bowl",
        ["Price"] = 0,
        ["Level"] = 0,
        ["Requirements"] = {["Milk"] = 3},
        ["Device"] = "MilkMachine"
    },
    {
        ["Requirements"] = {
            ["Strawberry Glaze"] = 10,
            ["Sugar"] = 5,
            ["Chocolate Glaze"] = 10,
            ["Dough"] = 15,
            ["Whipped Cream"] = 5
        },
        ["Image"] = "http://www.roblox.com/asset/?id=8172104278",
        ["Name"] = "Gingerbread House",
        ["Model"] = "Gingerbread House",
        ["Price"] = 100,
        ["Level"] = 15,
        ["Event"] = "Christmas",
        ["IconCF"] = CFrame.new(
            0,
            -0.699999988,
            -2.5,
            -0.57357645,
            0,
            -0.819151998,
            0,
            1,
            0,
            0.819151998,
            0,
            -0.57357645
        )
    },
    {
        ["Requirements"] = {
            ["Carrot"] = 12,
            ["Sugar"] = 5,
            ["Strawberry Glaze"] = 5,
            ["Chocolate Glaze"] = 5,
            ["Dough"] = 15,
            ["Whipped Cream"] = 5
        },
        ["Image"] = "http://www.roblox.com/asset/?id=8172104278",
        ["Name"] = "Easter Cake",
        ["Model"] = "Easter Cake",
        ["Price"] = 100,
        ["Level"] = 9,
        ["Event"] = "Easter",
        ["IconCF"] = CFrame.new(
            0,
            -0.600000024,
            -2.20000005,
            -0.766044438,
            0,
            -0.642787635,
            -0.271653801,
            0.906307757,
            0.323744386,
            0.5825634,
            0.42261827,
            -0.694272041
        )
    },
    {
        ["Name"] = "Butter",
        ["Model"] = "TangerineChocolate smoothie bowl",
        ["Price"] = 0,
        ["Level"] = 0,
        ["Requirements"] = {["Milk"] = 2},
        ["Device"] = "MilkMachine"
    },
    {
        ["Name"] = "Yogurt",
        ["Model"] = "TangerineChocolate smoothie bowl",
        ["Price"] = 0,
        ["Level"] = 0,
        ["Requirements"] = {["Milk"] = 1},
        ["Device"] = "MilkMachine"
    },
    {
        ["Requirements"] = {["Apple"] = 1, ["Caramel"] = 5},
        ["Image"] = "http://www.roblox.com/asset/?id=7369263686",
        ["Name"] = "Caramel Apple",
        ["Model"] = "Caramel Apple",
        ["Price"] = 35,
        ["Level"] = 6,
        ["Event"] = "Fall",
        ["IconCF"] = CFrame.new(
            0,
            0.300000012,
            -1.60000002,
            0.766044438,
            -6.69697329e-08,
            -0.642787635,
            0.271653712,
            -0.906307757,
            0.323744386,
            -0.58256346,
            -0.42261821,
            -0.694272041
        )
    },
    {
        ["Requirements"] = {["Pumpkin"] = 3, ["Sugar"] = 3, ["Dough"] = 5},
        ["Image"] = "http://www.roblox.com/asset/?id=7579899919",
        ["Name"] = "Pumpkin Pie",
        ["Model"] = "Pumpkin Pie",
        ["Price"] = 25,
        ["Level"] = 6,
        ["Event"] = "Fall",
        ["IconCF"] = CFrame.new(
            0,
            -0.300000012,
            -1.60000002,
            -0.766044438,
            0,
            -0.642787635,
            -0.271653801,
            0.906307757,
            0.323744386,
            0.5825634,
            0.42261827,
            -0.694272041
        )
    },
    {
        ["Requirements"] = {["Dough"] = 2, ["Sugar"] = 3},
        ["Image"] = "http://www.roblox.com/asset/?id=8172105477",
        ["Name"] = "Gingerbread Man",
        ["Model"] = "Gingerbread Man",
        ["Price"] = 15,
        ["Level"] = 3,
        ["Event"] = "Christmas",
        ["IconCF"] = CFrame.new(
            0,
            -0.100000001,
            -1.29999995,
            -1.49501762e-08,
            -4.10752676e-08,
            -1,
            -0.939692616,
            0.342020154,
            0,
            0.342020154,
            0.939692616,
            -4.37113883e-08
        )
    },
    {
        ["Device"] = "Blender",
        ["Image"] = "rbxassetid://7509539370",
        ["Name"] = "TangerineChocolate smoothie bowl",
        ["Model"] = "TangerineChocolate smoothie bowl",
        ["Price"] = 3500,
        ["Level"] = 15,
        ["Requirements"] = {["Tangerine"] = 6, ["Sugar"] = 10, ["Chocolate Glaze"] = 5, ["Yogurt"] = 3},
        ["IconCF"] = CFrame.new(
            0,
            -0.300000012,
            -1.39999998,
            -4.35450538e-08,
            3.80969833e-09,
            1,
            0.57357645,
            0.819152057,
            2.18556941e-08,
            -0.819152057,
            0.57357645,
            -3.78551732e-08
        )
    },
    {
        ["Name"] = "Strawberry Glaze",
        ["Model"] = "StrawberryBanana smoothie bowl",
        ["Price"] = 0,
        ["Level"] = 0,
        ["Requirements"] = {["Sugar"] = 3, ["Strawberry"] = 1, ["Milk"] = 1},
        ["Device"] = "Mixer"
    },
    {
        ["Price"] = 15,
        ["Event"] = "Fall",
        ["IconCF"] = CFrame.new(
            0,
            -0.5,
            -1.39999998,
            -0.53898555,
            -0.196174696,
            -0.819151998,
            -0.342020124,
            0.939692616,
            0,
            0.769751072,
            0.280166477,
            -0.57357645
        ),
        ["Image"] = "http://www.roblox.com/asset/?id=7369263686",
        ["Name"] = "Pumpkin Pie Slice",
        ["Model"] = "Pumpkin Pie Slice",
        ["Level"] = 999,
        ["Requirements"] = {["No Longer Available"] = 1},
        ["Device"] = "-"
    },
    {
        ["Name"] = "Cream Cheese Frosting",
        ["Model"] = "TangerineChocolate smoothie bowl",
        ["Price"] = 0,
        ["Level"] = 0,
        ["Requirements"] = {["Cream Cheese"] = 1, ["Sugar"] = 3, ["Butter"] = 2},
        ["Device"] = "Mixer"
    },
    {
        ["Name"] = "Caramel",
        ["Model"] = "TangerineChocolate smoothie bowl",
        ["Price"] = 0,
        ["Level"] = 0,
        ["Requirements"] = {["Sugar"] = 3, ["Butter"] = 1, ["Milk"] = 1},
        ["Device"] = "Mixer"
    },
    {
        ["Device"] = "Blender",
        ["Image"] = "rbxassetid://7509539198",
        ["Name"] = "Tangerine smoothie bowl",
        ["Model"] = "Tangerine smoothie bowl",
        ["Price"] = 2500,
        ["Level"] = 14,
        ["Requirements"] = {["Sugar"] = 10, ["Tangerine"] = 6, ["Yogurt"] = 3},
        ["IconCF"] = CFrame.new(
            0,
            -0.300000012,
            -1.39999998,
            -4.35450538e-08,
            3.80969833e-09,
            1,
            0.57357645,
            0.819152057,
            2.18556941e-08,
            -0.819152057,
            0.57357645,
            -3.78551732e-08
        )
    },
    {
        ["Device"] = "Blender",
        ["Image"] = "rbxassetid://7509538835",
        ["Name"] = "Strawberry smoothie bowl",
        ["Model"] = "Strawberry smoothie bowl",
        ["Price"] = 2500,
        ["Level"] = 14,
        ["Requirements"] = {["Sugar"] = 10, ["Strawberry"] = 6, ["Yogurt"] = 3},
        ["IconCF"] = CFrame.new(
            0,
            -0.300000012,
            -1.39999998,
            -4.35450538e-08,
            3.80969833e-09,
            1,
            0.57357645,
            0.819152057,
            2.18556941e-08,
            -0.819152057,
            0.57357645,
            -3.78551732e-08
        )
    },
    {
        ["Requirements"] = {["Strawberry Glaze"] = 1, ["Sugar"] = 1, ["Dough"] = 3, ["Whipped Cream"] = 1},
        ["Image"] = "http://www.roblox.com/asset/?id=7369263686",
        ["Name"] = "Christmas Cupcake",
        ["Model"] = "Christmas Cupcake",
        ["Price"] = 25,
        ["Level"] = 6,
        ["Event"] = "Christmas",
        ["IconCF"] = CFrame.new(
            0,
            -0.5,
            -1.39999998,
            -0.53898555,
            -0.196174696,
            -0.819151998,
            -0.342020124,
            0.939692616,
            0,
            0.769751072,
            0.280166477,
            -0.57357645
        )
    },
    {
        ["Requirements"] = {
            ["Carrot"] = 6,
            ["Sugar"] = 3,
            ["Chocolate Glaze"] = 1,
            ["Strawberry Glaze"] = 1,
            ["Dough"] = 5,
            ["Vanille Glaze"] = 1
        },
        ["Image"] = "http://www.roblox.com/asset/?id=7369263686",
        ["Name"] = "Easter Macarons",
        ["Model"] = "Easter Macarons",
        ["Price"] = 50,
        ["Level"] = 6,
        ["Event"] = "Easter",
        ["IconCF"] = CFrame.new(
            0,
            0,
            -1.60000002,
            -3.58062735e-08,
            -2.50718237e-08,
            -1,
            -0.57357645,
            0.819152057,
            0,
            0.819152057,
            0.57357645,
            -4.37113883e-08
        )
    },
    {
        ["Requirements"] = {["Pumpkin"] = 1, ["Sugar"] = 1, ["Dough"] = 1},
        ["Image"] = "http://www.roblox.com/asset/?id=7579899919",
        ["Name"] = "Pumpkin Muffin",
        ["Model"] = "Pumpkin Muffin",
        ["Price"] = 15,
        ["Level"] = 3,
        ["Event"] = "Fall",
        ["IconCF"] = CFrame.new(
            0,
            -0.300000012,
            -1.60000002,
            -0.766044438,
            0,
            -0.642787635,
            -0.271653801,
            0.906307757,
            0.323744386,
            0.5825634,
            0.42261827,
            -0.694272041
        )
    },
    {
        ["Requirements"] = {["Pumpkin"] = 3, ["Sugar"] = 3, ["Dough"] = 5, ["Cream Cheese Frosting"] = 1},
        ["Image"] = "http://www.roblox.com/asset/?id=7369263686",
        ["Name"] = "Pumpkin Roll",
        ["Model"] = "Pumpkin Roll",
        ["Price"] = 50,
        ["Level"] = 9,
        ["Event"] = "Fall",
        ["IconCF"] = CFrame.new(
            0,
            -0.300000012,
            -3,
            -0.766044438,
            0,
            -0.642787635,
            -0.271653801,
            0.906307757,
            0.323744386,
            0.5825634,
            0.42261827,
            -0.694272041
        )
    },
    {
        ["Requirements"] = {["Dough"] = 2, ["Sugar"] = 1},
        ["Image"] = "http://www.roblox.com/asset/?id=8172114118",
        ["Name"] = "Christmas Cookies",
        ["Model"] = "Christmas Cookies",
        ["Price"] = 10,
        ["Level"] = 0,
        ["Event"] = "Christmas",
        ["IconCF"] = CFrame.new(
            0,
            0,
            -2.20000005,
            -0.766044438,
            0,
            -0.642787635,
            -0.271653801,
            0.906307757,
            0.323744386,
            0.5825634,
            0.42261827,
            -0.694272041
        )
    },
    {
        ["Requirements"] = {["Strawberry Glaze"] = 1, ["Sugar"] = 1, ["Dough"] = 3, ["Whipped Cream"] = 1},
        ["Image"] = "http://www.roblox.com/asset/?id=7369263686",
        ["Name"] = "Valentine Cupcake",
        ["Model"] = "Valentine Cupcake",
        ["Price"] = 25,
        ["Level"] = 3,
        ["Event"] = "Valentine",
        ["IconCF"] = CFrame.new(
            0,
            -0.5,
            -1.39999998,
            -0.53898555,
            -0.196174696,
            -0.819151998,
            -0.342020124,
            0.939692616,
            0,
            0.769751072,
            0.280166477,
            -0.57357645
        )
    },
    {
        ["Requirements"] = {
            ["Strawberry Glaze"] = 10,
            ["Sugar"] = 5,
            ["Chocolate Glaze"] = 10,
            ["Dough"] = 15,
            ["Whipped Cream"] = 5
        },
        ["Image"] = "http://www.roblox.com/asset/?id=8172104278",
        ["Name"] = "Valentine Cake",
        ["Model"] = "Valentine Cake",
        ["Price"] = 100,
        ["Level"] = 9,
        ["Event"] = "Valentine",
        ["IconCF"] = CFrame.new(
            0,
            -0.600000024,
            -2.20000005,
            -0.766044438,
            0,
            -0.642787635,
            -0.271653801,
            0.906307757,
            0.323744386,
            0.5825634,
            0.42261827,
            -0.694272041
        )
    },
    {
        ["Requirements"] = {["Dough"] = 1, ["Pumpkin"] = 1},
        ["Image"] = "http://www.roblox.com/asset/?id=7579899116",
        ["Name"] = "Pumpkin Loaf",
        ["Model"] = "Pumpkin Loaf",
        ["Price"] = 10,
        ["Level"] = 0,
        ["Event"] = "Fall",
        ["IconCF"] = CFrame.new(
            0,
            -0.300000012,
            -1.60000002,
            -0.766044438,
            0,
            -0.642787635,
            -0.271653801,
            0.906307757,
            0.323744386,
            0.5825634,
            0.42261827,
            -0.694272041
        )
    },
    {
        ["Requirements"] = {
            ["Strawberry Glaze"] = 1,
            ["Sugar"] = 3,
            ["Chocolate Glaze"] = 1,
            ["Dough"] = 5,
            ["Vanille Glaze"] = 1
        },
        ["Image"] = "http://www.roblox.com/asset/?id=7369263686",
        ["Name"] = "Valentine Macarons",
        ["Model"] = "Valentine Macarons",
        ["Price"] = 50,
        ["Level"] = 6,
        ["Event"] = "Valentine",
        ["IconCF"] = CFrame.new(
            0,
            0,
            -1.60000002,
            -3.58062735e-08,
            -2.50718237e-08,
            -1,
            -0.57357645,
            0.819152057,
            0,
            0.819152057,
            0.57357645,
            -4.37113883e-08
        )
    },
    {
        ["Requirements"] = {["Dough"] = 2, ["Sugar"] = 3},
        ["Image"] = "http://www.roblox.com/asset/?id=8172105477",
        ["Name"] = "Valentine Cookie",
        ["Model"] = "Valentine Cookie",
        ["Price"] = 15,
        ["Level"] = 0,
        ["Event"] = "Valentine",
        ["IconCF"] = CFrame.new(
            0,
            0,
            -2.20000005,
            -0.766044438,
            0,
            -0.642787635,
            -0.271653801,
            0.906307757,
            0.323744386,
            0.5825634,
            0.42261827,
            -0.694272041
        )
    },
    {
        ["Name"] = "Chocolate Glaze",
        ["Model"] = "TangerineChocolate smoothie bowl",
        ["Price"] = 0,
        ["Level"] = 0,
        ["Requirements"] = {["Sugar"] = 3, ["Chocolate"] = 1, ["Milk"] = 1},
        ["Device"] = "Mixer"
    },
    {
        ["Requirements"] = {["Pumpkin"] = 3, ["Sugar"] = 5, ["Dough"] = 1, ["Cream Cheese"] = 3},
        ["Image"] = "http://www.roblox.com/asset/?id=7369263686",
        ["Name"] = "Pumpkin Cheesecake",
        ["Model"] = "Pumpkin Cheesecake",
        ["Price"] = 100,
        ["Level"] = 15,
        ["Event"] = "Fall",
        ["IconCF"] = CFrame.new(
            0,
            -0.300000012,
            -1.60000002,
            -0.766044438,
            0,
            -0.642787635,
            -0.271653801,
            0.906307757,
            0.323744386,
            0.5825634,
            0.42261827,
            -0.694272041
        )
    },
    {
        ["Requirements"] = {
            ["Carrot"] = 3,
            ["Sugar"] = 1,
            ["Whipped Cream"] = 1,
            ["Dough"] = 3,
            ["Strawberry Glaze"] = 1
        },
        ["Image"] = "http://www.roblox.com/asset/?id=7369263686",
        ["Name"] = "Easter Cupcake",
        ["Model"] = "Easter Cupcake",
        ["Price"] = 25,
        ["Level"] = 3,
        ["Event"] = "Easter",
        ["IconCF"] = CFrame.new(
            0,
            -0.5,
            -1.39999998,
            -0.53898555,
            -0.196174696,
            -0.819151998,
            -0.342020124,
            0.939692616,
            0,
            0.769751072,
            0.280166477,
            -0.57357645
        )
    }
}
