data = {
    ["FlatGrass"] = {["Difficulty"]="Easy",["AIPerPerson"]=4,["Name"]="FlatGrass",["Weight"]=1,["Public"]=false,["CameraSpots"]={CFrame.new(-77.1958237, 7.62973022, 31.6932106, 0.43575415, -0.237648889, -0.8681252, -0, 0.964513183, -0.264035016, 0.90006578, 0.115054354, 0.420290589)},["Icon"]=10227671906,["Desc"]="Endless plains of vibrant green grass"},
    ["HellTerminal"] = {["AIPerPerson"]=6,["OnlyInVoting"]=false,["Desc"]="I LUUUUUUUUUUUUUUUV TRAINS!!!!!!!",["Difficulty"]="Expert",["Name"]="Hell Terminal",["Weight"]=0.4,["CanEventify"]=true,["Public"]=false,["Icon"]=11351078620,["CameraSpots"]={CFrame.new(1237.55359, -330.740845, 105.734833, -0.400149047, -0.0959549993, -0.911412895, -0, 0.994503558, -0.104702927, 0.916450024, -0.0418967754, -0.397949696)}},
    ["Loop"] = {["Difficulty"]="Easy",["AIPerPerson"]=10,["Name"]="Loop",["Weight"]=0.05,["Public"]=true,["CameraSpots"]={CFrame.new(-192.47847, -345.782837, 58.4750175, 0.9121961, 0.197511882, -0.359008998, -0, 0.876157343, 0.482025445, 0.409754068, -0.439701736, 0.799227238)},["Icon"]=14733467469,["Desc"]="loop de loop!"},
    ["Line"] = {["Difficulty"]="Normal",["AIPerPerson"]=6,["Name"]="Line",["Weight"]=0.05,["Public"]=false,["CameraSpots"]={CFrame.new(-481.585571, -357.619232, -57.2637787, -0.0172407385, 0.278928041, -0.960157275, -0, 0.960300088, 0.278969467, 0.999851465, 0.00480963942, -0.0165562779),CFrame.new(100.234894, -356.773285, -56.8953323, 0.0102380766, -0.253740788, 0.967218101, -0, 0.967268884, 0.253754079, -0.999947667, -0.00259795366, 0.00990297087)},["Icon"]=14733467078,["Desc"]="Defend at all costs"},
    ["Baseplate"] = {["Difficulty"]="Normal",["AIPerPerson"]=4,["Name"]="Baseplate",["Weight"]=1,["Public"]=false,["CameraSpots"]={CFrame.new(-77.1958237, 7.62973022, 31.6932106, 0.43575415, -0.237648889, -0.8681252, -0, 0.964513183, -0.264035016, 0.90006578, 0.115054354, 0.420290589)},["Icon"]=10227671906,["Desc"]="HALP!"},
    ["AridRuins"] = {["Difficulty"]="Normal",["AIPerPerson"]=5,["Name"]="Arid Ruins",["Weight"]=1,["Public"]=true,["CameraSpots"]={CFrame.new(82.454567, 5.43992615, 490.216736, 0.0167903081, -0.0260020215, 0.999520898, -0, 0.999661863, 0.0260056853, -0.999859095, -0.000436643459, 0.0167846307),CFrame.new(-318.691467, -3.13097763, 26.9383945, -0.834521115, 0.114532672, -0.53894043, -7.4505806e-09, 0.978155911, 0.207872391, 0.550975919, 0.173473895, -0.816291809),CFrame.new(-217.777679, 9.81238079, 251.13681, -0.745879114, -0.179104283, 0.641549766, 1.49011612e-08, 0.96317029, 0.268892497, -0.666081429, 0.200561315, -0.718408465)},["Icon"]=10276474010,["Desc"]="An abandoned archaeology site in the middle of a desert. Created by Beefchoplets."},
    ["WinterCity"] = {["Difficulty"]="Normal",["AIPerPerson"]=4,["Name"]="Winter City",["Weight"]=1,["Public"]=true,["CameraSpots"]={CFrame.new(267.561127, 107.526711, -237.612671, -0.539302945, 0.175139755, -0.823698103, -0, 0.978133857, 0.207976818, 0.842111886, 0.112162508, -0.527510405),CFrame.new(574.610596, 104.342293, -277.952362, -0.726269066, -0.142962858, 0.67238003, -0, 0.978134573, 0.207973033, -0.687410533, 0.151044384, -0.710388899)},["Icon"]=12109556617,["Desc"]="Only in Cincinatti. Created by PulsatingDevil."},
    ["Backrooms"] = {["Difficulty"]="Normal",["AIPerPerson"]=4,["Name"]="Backrooms",["Weight"]=1,["Public"]=true,["CameraSpots"]={CFrame.new(-537.91095, 13.9913492, -698.024292, 0.527088881, -0.102162987, 0.843646944, -0, 0.992747486, 0.120218605, -0.849810123, -0.0633658916, 0.523266196),CFrame.new(-516.553955, 8.39295387, -364.165222, -0.650884926, 0.0833655596, -0.754585385, 3.72528985e-09, 0.993952632, 0.109810524, 0.759176433, 0.0714740157, -0.646948755),CFrame.new(-308.834595, 7.21464825, -325.85376, 0.881139457, 0.0173684973, -0.472537398, -9.31322575e-10, 0.999325216, 0.0367310159, 0.472856462, -0.032365147, 0.880544901),CFrame.new(304.64801, 8.31627846, -354.278839, -0.827130854, -0.02946827, 0.561236382, 1.86264537e-09, 0.998624444, 0.052433759, -0.562009513, 0.0433695801, -0.825993001),CFrame.new(-52.4683304, 7.76804161, -107.989006, 0.038260676, -0.0523956232, 0.997893214, 2.32830671e-10, 0.998624504, 0.0524340123, -0.999267876, -0.00200616056, 0.0382080413)},["Icon"]=10276471072,["Desc"]="An endless expanse of vintage wallpaper and yellow carpet. Created by OsterDog and Beefchoplets. Based on gm_backrooms"},
    ["Traprooms"] = {["AIPerPerson"]=6,["OnlyInVoting"]=true,["Desc"]="An endless hell of unforgiving deadly traps. Created by Beefchoplets.",["Difficulty"]="Expert",["Name"]="Traprooms",["Weight"]=1,["Public"]=true,["Icon"]=10539417622,["CameraSpots"]={CFrame.new(14.6974812, -383.708252, 390.545807, -0.999974132, 0.00190152496, -0.00695136329, -0, 0.964562833, 0.263853312, 0.00720675057, 0.263846487, -0.96453774),CFrame.new(35.5689011, -39.1326218, 606.880798, -1, 0, -0, -0, 0, 1, 0, 1, -0)}},
    ["ChaosTower"] = {["Difficulty"]="Normal",["AIPerPerson"]=5,["Name"]="Chaos Tower",["Weight"]=1,["Public"]=false,["CameraSpots"]={CFrame.new(-47.9323349, 12.8611517, -175.719727, -0.831044912, 0.0812644362, -0.550236821, 7.4505806e-09, 0.989269197, 0.146105066, 0.556205392, 0.121419862, -0.822127044),CFrame.new(137.71019, 13.1323824, -77.729744, -0.906255484, -0.0419966914, 0.420639336, -0, 0.995053113, 0.0993462354, -0.422730565, 0.0900330693, -0.901772201),CFrame.new(-53.9127998, 12.0275669, -77.0996628, -0.819196343, 0.0510021932, -0.571240962, -3.7252903e-09, 0.996038079, 0.0889294073, 0.573513269, 0.0728506446, -0.815950632),CFrame.new(-124.022453, 15.0712528, -271.272491, -0.772761166, 0.099305369, -0.62688005, -0, 0.987684071, 0.15646109, 0.634696901, 0.120907053, -0.763243914),CFrame.new(31.4631081, 12.1828642, -165.925049, 0.99999404, -0.000363184547, 0.00345612806, 2.91038305e-11, 0.994524181, 0.104508772, -0.00347515824, -0.104508147, 0.994518042)},["Icon"]=10227671906,["Desc"]="Chaotic bridges overlapping eachother. Created by Beefchoplets."},
    ["Kyoto"] = {["Difficulty"]="Normal",["AIPerPerson"]=5,["Name"]="Kyoto",["Weight"]=1,["Public"]=true,["CameraSpots"]={CFrame.new(-188.86142, 10.065259, -279.61438, -0.935613036, 0.0258116461, -0.352082551, -1.86264537e-09, 0.997323573, 0.0731151327, 0.353027433, 0.0684074685, -0.933108807),CFrame.new(-218.359558, 22.458807, 37.5903435, 0.890466928, -0.124616742, 0.437652171, -0, 0.96177125, 0.273853987, -0.455048114, -0.24385792, 0.856425405),CFrame.new(-188.385529, 14.4582691, 64.8527908, -0.467508942, -0.20175086, 0.86065799, 7.4505806e-09, 0.973607898, 0.228227943, -0.88398844, 0.10669861, -0.455170333)},["Icon"]=11981842173,["Desc"]="An oriental Japanese manor. Created by Every1sCircunyation. Based on cs_kyoto"},
    ["Construct"] = {["AIPerPerson"]=4,["OnlyInVoting"]=true,["Desc"]="A snowy liminal wasteland based on an iconic sandbox map. Created by JerryR0X. Inspired by gm_construct",["Difficulty"]="Easy",["Name"]="Construct",["Weight"]=1,["Public"]=true,["Icon"]=10738307297,["CameraSpots"]={CFrame.new(452.100067, 110.394958, 408.711121, -0.788398683, -0.073826246, 0.610718668, -0, 0.992772698, 0.120010547, -0.615164638, 0.0946161598, -0.782700717),CFrame.new(153.152512, 94.8094406, 516.163208, 0.673797369, 0.0232941005, 0.738548994, -0, 0.999503076, -0.031524688, -0.738916159, 0.0212412514, 0.67346257),CFrame.new(632.693909, 116.792679, 147.476013, 0.905074418, 0.00439293496, -0.425230473, -0, 0.999946654, 0.0103301648, 0.425253153, -0.00934956782, 0.905026197)}},
    ["Crossroads"] = {["AIPerPerson"]=5,["Desc"]="Based on the famous Crossroads map from the Golden Age of Roblox. Made by UnexpectedDev3loper",["Difficulty"]="Normal",["Name"]="Crossroads",["Weight"]=1,["CanEventify"]=true,["Public"]=true,["Icon"]=10975154283,["CameraSpots"]={CFrame.new(-141.1754, 40.6253929, -471.61084, 0.716734469, 0.101864509, -0.689866185, -0, 0.989273667, 0.146074519, 0.69734621, -0.104696639, 0.709046483)}},
    ["UndergroundFacility"] = {["Difficulty"]="Normal",["AIPerPerson"]=5,["Name"]="Underground Facility",["Weight"]=1,["Public"]=true,["CameraSpots"]={CFrame.new(-188.465393, 64.3865738, -387.155945, 0.568523705, 0.216934666, -0.793549061, -1.4901163e-08, 0.964605689, 0.26369682, 0.822666943, -0.149917871, 0.548401177),CFrame.new(118.455734, -40.7144852, -545.848022, -0.893672645, 0.0233857017, -0.448109746, 1.86264493e-09, 0.998641074, 0.052116517, 0.448719531, 0.0465751067, -0.8924582),CFrame.new(312.385529, -15.5480871, -481.674835, -0.591460764, -0.125984401, 0.796430886, -0, 0.987718642, 0.156243488, -0.80633378, 0.0924118906, -0.584196806)},["Icon"]=10423287072,["Desc"]="A storage facility located deep within the Earth's crust. Made by Beefchoplets"},
    ["DesertBus"] = {["Difficulty"]="Hard",["AIPerPerson"]=5,["Name"]="Desert Bus",["Weight"]=0.7,["Public"]=true,["CameraSpots"]={CFrame.new(-216.59819, 9.55010796, -40.3339729, -0.532984674, 0.0222010221, -0.845833659, -0, 0.999655902, 0.0262384657, 0.846125007, 0.0139846997, -0.532801211),CFrame.new(135.619324, 53.3822021, 141.072739, 0.390848309, -0.279913932, 0.876861334, -0, 0.952638984, 0.304103792, -0.920455217, -0.118858449, 0.372337252),CFrame.new(10.1979179, 25.3733921, 249.79483, 0.923248708, -0.0321707092, 0.382853746, -0, 0.996488273, 0.0837336108, -0.384203047, -0.0773069486, 0.920006335)},["Icon"]=10276479835,["Desc"]="Open, barren desert. Created by OsterDog and Beefchoplets"},
    ["Drab"] = {["AIPerPerson"]=5,["OnlyInVoting"]=true,["Desc"]="A multilayered untextured complex. Created by Every1sCircunyation. Based on zs_drab",["Difficulty"]="Normal",["Name"]="Drab",["Weight"]=0.8,["Public"]=true,["Icon"]=10642459955,["CameraSpots"]={CFrame.new(199.820862, 63.9780388, -238.511536, -0.999971449, -0.00237184251, 0.00717164902, -0, 0.949423671, 0.313998044, -0.00755368592, 0.313989073, -0.94939661),CFrame.new(150.579056, 55.6493416, 86.4124832, 0.939870477, -0.113996826, 0.321944565, -0, 0.942650616, 0.33378157, -0.341531217, -0.313711435, 0.8859694)}},
    ["ElysiumTower"] = {["Difficulty"]="Normal",["AIPerPerson"]=5,["Name"]="Elysium Tower",["Weight"]=1,["Public"]=true,["CameraSpots"]={CFrame.new(367.901184, -121.766548, 78.3614883, -0.94645834, -0.00680764532, -0.322754174, -0, 0.999777615, -0.0210876632, 0.322825968, -0.0199585948, -0.946247876),CFrame.new(212.479126, -129.308456, 71.9088593, -0.69002527, 8.83526955e-05, 0.723785341, -0, 1.00000012, -0.000122070298, -0.723785341, -8.42315931e-05, -0.69002527),CFrame.new(26.8917179, -115.070381, 300.626709, 0.375174105, -0.0873545557, -0.922829211, -0, 0.995549858, -0.0942382365, 0.926954448, 0.0353557467, 0.37350446)},["Icon"]=10738189601,["Desc"]="The skyscraper of the infamous Elysium Corporation. Created by Bad_Yam. Based on Mirrors Edge."},
    ["Facade"] = {["Difficulty"]="Hard",["AIPerPerson"]=4,["Name"]="Facade",["Weight"]=1,["Public"]=true,["CameraSpots"]={CFrame.new(-22.6487293, -238.170883, -985.565186, -0.968510985, 0.0143144727, -0.248559251, -9.31322686e-10, 0.998345852, 0.0574945137, 0.24897112, 0.0556840673, -0.966908813),CFrame.new(-133.239487, -257.300598, -764.85376, -0.719225049, -0.0472401567, 0.693169355, -0, 0.99768579, 0.0679932386, -0.69477725, 0.0489024408, -0.717560589)},["Icon"]=10726894293,["Desc"]="Dozens of intertwined buildings. Created by Every1sCircunyation. Based on gm_frame"},
    ["TerrorHotel"] = {["Difficulty"]="Hard",["AIPerPerson"]=5,["Name"]="Terror Hotel",["Weight"]=1,["Public"]=true,["CameraSpots"]={CFrame.new(-13.5381117, 411.113647, 1.15380311, -0.876253724, -0.165444762, 0.452556551, -0, 0.939206302, 0.343353242, -0.481849998, 0.300864547, -0.822983027),CFrame.new(-11.6910152, 412.226654, 218.439987, 0.804973602, -0.168371201, 0.568918824, -0, 0.95888865, 0.283782542, -0.593310654, -0.228437454, 0.771879971)},["Icon"]=12169453784,["Desc"]="A neverending torment of your deepest fears, embodied by a hotel. Created by Laabyu & siqker"},
    ["Icebreaker"] = {["AIPerPerson"]=4,["OnlyInVoting"]=false,["Desc"]="An outpost stationed around a frozen icebreaker in the middle of the Arctic. Created by AzoDz.",["Difficulty"]="Normal",["Name"]="Icebreaker",["Weight"]=1,["Public"]=true,["Icon"]=10962217309,["CameraSpots"]={CFrame.new(452.100067, 110.394958, 408.711121, -0.788398683, -0.073826246, 0.610718668, -0, 0.992772698, 0.120010547, -0.615164638, 0.0946161598, -0.782700717),CFrame.new(153.152512, 94.8094406, 516.163208, 0.673797369, 0.0232941005, 0.738548994, -0, 0.999503076, -0.031524688, -0.738916159, 0.0212412514, 0.67346257),CFrame.new(632.693909, 116.792679, 147.476013, 0.905074418, 0.00439293496, -0.425230473, -0, 0.999946654, 0.0103301648, 0.425253153, -0.00934956782, 0.905026197)}},
    ["Ikea"] = {["Difficulty"]="Normal",["AIPerPerson"]=6,["Name"]="Ikea",["Weight"]=1,["Public"]=true,["CameraSpots"]={CFrame.new(-99.4779053, 30.8277016, -6.1563797, 0.609657884, 0.128120422, -0.78224194, -0, 0.986851096, 0.161632553, 0.792664766, -0.0985405594, 0.601641476),CFrame.new(213.291077, -3.22169971, 32.5423393, -0.761094987, -0.0475296788, 0.64689672, -0, 0.997311711, 0.0732758492, -0.648640454, 0.0557698831, -0.759048939)},["Icon"]=10586196835,["Desc"]="A place for all your furniture needs. Created by Beefchoplets and Osterdog. Based on gm_ikea."},
    ["Jungle"] = {["AIPerPerson"]=5,["OnlyInVoting"]=true,["Desc"]="Once a temple belonging to the mighty Mayan Empire, now a desolate, rotting assortment of bricks in the middle of nowhere. Created by wlfguy3.",["Difficulty"]="Hard",["Name"]="Jungle",["Weight"]=1,["Public"]=true,["Icon"]=11005921853,["CameraSpots"]={CFrame.new(-87.0634689, 291.140228, -218.74585, -0.704391599, 0.0519881845, -0.707905173, -0, 0.997314215, 0.0732422248, 0.709811628, 0.0515912063, -0.702499747)}},
    ["Laboratory"] = {["AIPerPerson"]=5,["CanEventify"]=true,["Desc"]="A modern facility focused on innovation. Created by Bad_Yam.",["Difficulty"]="Normal",["Weight"]=1,["Name"]="Laboratory",["Fog"]=false,["Public"]=true,["Rain"]=false,["Icon"]=10687586268,["CameraSpots"]={CFrame.new(687.634399, 73.4116287, 88.7376328, -0.432201445, -0.0471007265, 0.900546193, 1.86264515e-09, 0.998635054, 0.05223101, -0.901777089, 0.0225743204, -0.431611538),CFrame.new(408.174805, 80.17453, 23.7251472, 0.615598321, 0.0576350689, -0.785949707, 3.7252903e-09, 0.997322083, 0.073135376, 0.788060129, -0.0450220183, 0.613949776),CFrame.new(564.091736, 69.3618164, -66.8789749, 0.669166267, 0.0193613842, -0.742860496, -9.31322686e-10, 0.999660552, 0.0260544382, 0.743112743, -0.0174347516, 0.668939114)}},
    ["Library"] = {["AIPerPerson"]=5,["OnlyInVoting"]=true,["Desc"]="An abandoned liminal library. Is it truly the end? Created by Bad_Yam.",["Difficulty"]="Hard",["Name"]="Library",["Weight"]=1,["Public"]=true,["Icon"]=10821520439,["CameraSpots"]={CFrame.new(358.914734, 124.799751, -145.110229, 0.953842163, -0.0685106888, 0.292389244, -0, 0.973629713, 0.228134394, -0.300308466, -0.217604205, 0.928689063)}},
    ["Mansion"] = {["AIPerPerson"]=6,["OnlyInVoting"]=true,["Desc"]="A decrepit old mansion with winding hallways. Created by JerryR0X",["Difficulty"]="Hard",["Name"]="Mansion",["Weight"]=1,["Public"]=true,["Icon"]=10748280216,["CameraSpots"]={CFrame.new(-133.332062, 13.8162737, 127.324486, -0.0487714224, 0.0416992866, -0.997939229, -0, 0.999128222, 0.041748967, 0.998809993, 0.0020361566, -0.0487289019),CFrame.new(109.357864, 12.8137493, 245.696091, 0.942081332, 0.0367668979, -0.333363265, -0, 0.993973017, 0.10962604, 0.335384697, -0.103276648, 0.936403275),CFrame.new(161.295395, 16.3479824, -343.803101, -0.957272589, 0.00602493761, -0.289124459, 4.65661287e-10, 0.999783039, 0.0208340362, 0.289187223, 0.019943852, -0.957064867)}},
    ["Maze"] = {["AIPerPerson"]=5,["OnlyInVoting"]=true,["Desc"]="A confusing labyrinth; good luck traversing it. Created by Beefchoplets",["Difficulty"]="Hard",["Name"]="Maze",["Weight"]=1,["Public"]=true,["Icon"]=10357829648,["CameraSpots"]={CFrame.new(-47.9323349, 12.8611517, -175.719727, -0.831044912, 0.0812644362, -0.550236821, 7.4505806e-09, 0.989269197, 0.146105066, 0.556205392, 0.121419862, -0.822127044),CFrame.new(137.71019, 13.1323824, -77.729744, -0.906255484, -0.0419966914, 0.420639336, -0, 0.995053113, 0.0993462354, -0.422730565, 0.0900330693, -0.901772201),CFrame.new(-53.9127998, 12.0275669, -77.0996628, -0.819196343, 0.0510021932, -0.571240962, -3.7252903e-09, 0.996038079, 0.0889294073, 0.573513269, 0.0728506446, -0.815950632),CFrame.new(-124.022453, 15.0712528, -271.272491, -0.772761166, 0.099305369, -0.62688005, -0, 0.987684071, 0.15646109, 0.634696901, 0.120907053, -0.763243914),CFrame.new(31.4631081, 12.1828642, -165.925049, 0.99999404, -0.000363184547, 0.00345612806, 2.91038305e-11, 0.994524181, 0.104508772, -0.00347515824, -0.104508147, 0.994518042)}},
    ["Neighborhood"] = {["AIPerPerson"]=6,["Desc"]="A small cul-de-sac of rundown houses. Created by Subzeroto.",["Difficulty"]="Normal",["Name"]="Neighborhood",["Weight"]=1,["CanEventify"]=true,["Public"]=true,["Icon"]=10950445950,["CameraSpots"]={CFrame.new(158.748917, 22.1070499, -498.367584, 0.756270945, 0.0136857489, -0.654115498, -9.31322575e-10, 0.99978137, 0.0209179465, 0.654258668, -0.0158196352, 0.756105483),CFrame.new(138.801346, -11.225853, -704.666382, -0.34302187, 0.00493771164, -0.939314425, -0, 0.999986231, 0.00525664538, 0.939327478, 0.00180314435, -0.343017101)}},
    ["Mayday"] = {["Difficulty"]="Hard",["AIPerPerson"]=5,["Name"]="Mayday",["Weight"]=0.7,["Public"]=true,["CameraSpots"]={CFrame.new(175.961304, 199.297836, -113.756134, -0.883340716, 0.123798713, -0.452087462, -7.45057971e-09, 0.964491487, 0.26411441, 0.468731403, 0.23330301, -0.851974607)},["Icon"]=11663652649,["Desc"]="Remenants of an UEC plane crash, slowly being engulfed by a swamp. Created by AzoDz"},
    ["SeraphResearch"] = {["AIPerPerson"]=5,["Desc"]="A research facility within a forested area. Created by OsterDog and Beefchoplets. Based on gm_asylum",["Difficulty"]="Normal",["Name"]="Seraph Research",["Weight"]=1,["CanEventify"]=true,["Public"]=true,["Icon"]=10309959270,["CameraSpots"]={CFrame.new(-39.2493744, 7.92662334, -59.3848839, -0.629439652, -0.121509545, -0.767490208, -0, 0.987698197, -0.156372979, 0.777049482, -0.0984273553, -0.621696353),CFrame.new(-41.6700821, 7.96776628, 78.9288712, -0.639986455, -0.10034205, 0.761806309, -0, 0.991436839, 0.130588025, -0.768386304, 0.0835745707, -0.634506047),CFrame.new(-2.85766888, 11.1996956, 180.168365, 0.556237638, 0.0478919297, -0.829642177, -1.86264537e-09, 0.998338103, 0.0576300621, 0.831023395, -0.0320560113, 0.55531311),CFrame.new(58.0940552, 8.42245007, 92.6938705, 0.999504507, 0.00132009352, -0.0314483158, -0, 0.999120176, 0.0419396721, 0.0314760096, -0.0419188924, 0.998625159),CFrame.new(-14.2083645, 6.35641146, -20.0557117, 0.838703871, -0.104879647, 0.534393191, -0, 0.981280208, 0.192585424, -0.544587672, -0.161522135, 0.82300359)}},
    ["SilverMall"] = {["Difficulty"]="Normal",["AIPerPerson"]=6,["Name"]="Silver Mall",["Weight"]=1,["Public"]=true,["CameraSpots"]={CFrame.new(73.0708847, 16.6262741, 5.37622929, 0.975297511, -0.0138767427, 0.220459014, -0, 0.998024821, 0.062820442, -0.220895335, -0.0612686202, 0.973371148),CFrame.new(232.655319, 16.0085545, -353.593811, -0.988326013, 0.0119570503, -0.15188399, -9.31322575e-10, 0.996915579, 0.0784820765, 0.152353913, 0.0775658786, -0.985277593)},["Icon"]=10596581275,["Desc"]="An expansive modern shopping center. Built by Beefchoplets and OsterDog. Based on gm_abandonedmall"},
    ["Station"] = {["AIPerPerson"]=5,["OnlyInVoting"]=true,["Desc"]="A train station currently under construction in the middle of downtown. Created by bluirre",["Difficulty"]="Hard",["Name"]="Station",["Weight"]=1,["CanEventify"]=true,["Public"]=true,["Icon"]=10975790824,["CameraSpots"]={CFrame.new(-368.601837, 229.547623, -102.213455, -0.58935076, 0.0633741617, -0.805387795, -0, 0.996918499, 0.0784452781, 0.807877302, 0.0462317839, -0.587534666),CFrame.new(-165.005432, 129.222504, 89.1607971, -0.492243409, 0.063687712, 0.868124545, -0, 0.997319818, -0.0731657818, -0.870457649, -0.0360153727, -0.49092406)}},
    ["WorkFacility"] = {["AIPerPerson"]=6,["OnlyInVoting"]=true,["CanEventify"]=true,["Desc"]="Dozens of narrow intertwining corridors. Created by Beefchoplets & Aurrous. Based on gm_cqb2",["Difficulty"]="Hard",["Weight"]=0.8,["Name"]="Work Facility",["Fog"]=false,["Public"]=true,["Rain"]=false,["Icon"]=11543976636,["CameraSpots"]={CFrame.new(-198.612717, 359.822449, 129.634933, -0.787816226, 0.156251162, -0.59576112, 1.4901163e-08, 0.967285275, 0.253691316, 0.61591053, 0.199862123, -0.76204288),CFrame.new(-398.187927, 355.574066, -129.186859, -0.714385927, 0.152493343, -0.682933867, 7.4505806e-09, 0.975965679, 0.217924833, 0.699752033, 0.15568243, -0.697216034),CFrame.new(-498.823608, 352.476501, 154.148361, 0.524053574, 0.237300083, -0.817958772, -0, 0.960400224, 0.278624147, 0.851685286, -0.146013975, 0.503301144)}},
    ["Alleyways"] = {["Difficulty"]="Hard",["AIPerPerson"]=5,["Name"]="Alleyways",["Weight"]=1,["Public"]=true,["CameraSpots"]={CFrame.new(16.2260437, 26.3218594, 126.061775, 0.132498294, -0.231380299, 0.963798404, -1.86264537e-09, 0.972371638, 0.233438462, -0.991183281, -0.0309302006, 0.128837571),CFrame.new(140.742401, 45.9556503, -121.098412, -0.642617583, -0.315303862, 0.698302329, -1.4901163e-08, 0.911399305, 0.411523283, -0.766187191, 0.2644521, -0.58568114)},["Icon"]=12169212919,["Desc"]="Winding passageways between buildings. Created by HotGamer_Oficial."},
    ["ElysiumMoonbase"] = {["Difficulty"]="Normal",["AIPerPerson"]=5,["Name"]="Elysium Moonbase",["Weight"]=1,["Public"]=true,["CameraSpots"]={CFrame.new(631.473022, 203.204819, 7.02222204, 0.837015092, -0.105117805, 0.536987901, -0, 0.981373727, 0.192108363, -0.547179759, -0.160797596, 0.821424663),CFrame.new(376.944031, 209.143051, -85.4201279, 0.576325655, 0.169575498, -0.799432874, -7.4505806e-09, 0.97823447, 0.207502812, 0.817220211, -0.119589187, 0.563781559),CFrame.new(646.483765, 195.007217, 261.014832, 0.862675011, -0.0815025643, 0.499148607, 7.4505806e-09, 0.986930251, 0.16114907, -0.505758762, -0.139019281, 0.851399958),CFrame.new(353.658539, 175.080246, 148.956848, 0.808854759, -0.00029608357, -0.588008344, -1.45519135e-11, 0.99999994, -0.000503536314, 0.588008404, 0.000407287735, 0.808854818)},["Icon"]=12331385425,["Desc"]="A forward operating base of the infamous Elysium Corporation. Perhaps they are searching for something the public has been kept in the dark with. Created by Bad_Yam"},
    ["IndoorCourtyard"] = {["Difficulty"]="Easy",["AIPerPerson"]=4,["Name"]="Indoor Courtyard",["Weight"]=1,["Public"]=true,["CameraSpots"]={CFrame.new(203.770035, 102.188866, -331.409393, 0.787955642, -0.252964735, 0.561368704, -1.49011612e-08, 0.911709428, 0.410835743, -0.615732074, -0.323720336, 0.718386531),CFrame.new(202.438187, 36.7140961, -487.452301, -0.724134684, -0.031967245, 0.688917339, -0, 0.998925209, 0.046352271, -0.689658642, 0.0335652865, -0.723356366)},["Icon"]=12156662773,["Desc"]="A misleading enclosed courtyard. Someone is watching. Created by eTifY10o"},
    ["ScorchingOutpost"] = {["Difficulty"]="Expert",["AIPerPerson"]=4,["Name"]="Scorching Outpost",["Weight"]=1,["Public"]=true,["CameraSpots"]={CFrame.new(80.6908569, -531.564575, -127.337318, -0.880896986, -0.115409248, 0.459022194, -0, 0.969816744, 0.24383527, -0.473308265, 0.214793757, -0.854308486),CFrame.new(-99.8670502, -602.982117, -4.7059288, -0.0684909746, -0.00663720025, 0.997629642, -0, 0.999977827, 0.00665282272, -0.997651756, 0.000455658301, -0.0684894547),CFrame.new(191.15509, -530.10791, 124.478287, 0.0706901848, -0.0451140143, -0.996477604, -0, 0.998976767, -0.0452271588, 0.997498333, 0.00319711631, 0.0706178471)},["Icon"]=12815561191,["Desc"]="Unstable volcano. Beware the rising lava and closed doors. Created by Woomyko and Aniysion"},
    ["Poolrooms"] = {["AIPerPerson"]=5,["OnlyInVoting"]=true,["Desc"]="An endless expanse of water and tiles. Created by Beefchoplets.",["Difficulty"]="Hard",["Name"]="Poolrooms",["Weight"]=1,["Public"]=true,["Icon"]=10357833495,["CameraSpots"]={CFrame.new(226.37825, 18.937418, -551.531433, -0.874073088, 0.00755166728, -0.485735863, -0, 0.999879301, 0.0155449817, 0.485794544, 0.0135874506, -0.873967528),CFrame.new(226.933823, 20.4238644, -391.563263, -0.99986726, -0.00093509804, 0.0162659436, -5.8207654e-11, 0.998351753, 0.0573933348, -0.0162927974, 0.0573857166, -0.998219252),CFrame.new(-128.628036, 30.076149, -504.813232, -0.776392281, 0.137384132, -0.615094066, -0, 0.975952566, 0.217983529, 0.630250037, 0.169240728, -0.757721961)}},
    ["Trimp"] = {["AIPerPerson"]=10,["OnlyInVoting"]=true,["Desc"]="Practice your trimping and manuvering skills in this exclusive map.",["Difficulty"]="Easy",["Name"]="Trimp",["Weight"]=0.05,["Public"]=true,["Icon"]=10962336899,["CameraSpots"]={CFrame.new(-77.1958237, 7.62973022, 31.6932106, 0.43575415, -0.237648889, -0.8681252, -0, 0.964513183, -0.264035016, 0.90006578, 0.115054354, 0.420290589)}},
    ["TrainTerminal"] = {["AIPerPerson"]=6,["OnlyInVoting"]=true,["Desc"]="Watch your step off the platform. Created by Beefchoplets.",["Difficulty"]="Expert",["Name"]="Train Terminal",["Weight"]=0.4,["CanEventify"]=true,["Public"]=true,["Icon"]=11351078620,["CameraSpots"]={CFrame.new(1237.55359, -330.740845, 105.734833, -0.400149047, -0.0959549993, -0.911412895, -0, 0.994503558, -0.104702927, 0.916450024, -0.0418967754, -0.397949696)}},
    ["BrutalistVoid"] = {["AIPerPerson"]=8,["OnlyInVoting"]=true,["Desc"]="Empty and alone. Based on infinite_concrete",["Difficulty"]="Easy",["Name"]="Brutalist Void",["Weight"]=0.1,["Public"]=true,["Icon"]=11801587018,["CameraSpots"]={CFrame.new(60.1194344, -355.778778, 137.337479, 0.543590963, -0.0832742006, 0.835209191, -0, 0.995066345, 0.0992126837, -0.839350343, -0.0539311171, 0.540908992),CFrame.new(-331.076477, -337.768555, -409.624207, -0.744735181, 0.0905075222, -0.661194324, -0, 0.990760922, 0.135620221, 0.667360067, 0.101001151, -0.73785454)}},
    ["FourCorners"] = {["AIPerPerson"]=5,["OnlyInVoting"]=false,["Desc"]="Four connected hallways. Created by bobo.",["Difficulty"]="Normal",["Name"]="Four Corners",["Weight"]=0.2,["Public"]=true,["Icon"]=10505918245,["CameraSpots"]={CFrame.new(235.053406, 204.146988, -320.763977, -0.753111482, -0.12312372, 0.646269083, 7.4505806e-09, 0.982331693, 0.187148556, -0.657893002, 0.140943721, -0.739805162),CFrame.new(135.218201, 205.278488, 36.6304359, 0.718669891, -0.0507276058, 0.693498611, -0, 0.997335434, 0.0729524717, -0.695351422, -0.0524287447, 0.716754973)}},
    ["Cliffshire"] = {["Difficulty"]="Hard",["AIPerPerson"]=5,["Name"]="Cliffshire",["Weight"]=1,["Public"]=true,["CameraSpots"]={CFrame.new(172.131454, 114.624466, 4.35255861, 0.521362245, 0.168256581, -0.836583078, -0, 0.980368376, 0.197175175, 0.8533355, -0.102799691, 0.511126995),CFrame.new(543.709961, 111.351418, -231.735321, -0.740985751, -0.183584213, 0.645938933, -0, 0.961904645, 0.273385733, -0.671520829, 0.202574939, -0.712757528)},["Icon"]=11903454113,["Desc"]="Perched amongst the towering cliffs lies this quaint, festive village. Created by Bad_Yam"},
    ["FrigidPowerPlant"] = {["Difficulty"]="Normal",["AIPerPerson"]=6,["Name"]="Nuclear Processing",["Weight"]=1,["Public"]=true,["CameraSpots"]={CFrame.new(850.693176, 30.6721382, -672.090576, -0.666862607, -0.165807948, 0.726499915, -7.4505806e-09, 0.97493124, 0.222507, -0.745180786, 0.148381591, -0.650145113),CFrame.new(550.022583, 29.5704536, -390.437958, 0.768607795, 0.145604029, -0.622929871, -7.4505806e-09, 0.973753452, 0.22760576, 0.639720321, -0.174939558, 0.748434424)},["Icon"]=11903872738,["Desc"]="Powering Robloxia. Created by gcjyxfoko"},
    ["AlpinePalace"] = {["Difficulty"]="Normal",["AIPerPerson"]=5,["Name"]="Alpine Palace",["Weight"]=1,["Public"]=true,["CameraSpots"]={CFrame.new(-116.20623, 48.6531372, 12.8272762, 0.319757551, 0.23953867, -0.91672051, -0, 0.967515707, 0.252811402, 0.947499454, -0.0808383524, 0.309370428),CFrame.new(79.0215607, 36.1503258, -207.603195, -0.99995482, -0.00279788999, 0.00909419823, -0, 0.955788672, 0.294054627, -0.00951486453, 0.294041336, -0.95574528)},["Icon"]=11904546126,["Desc"]="Famous Scottish castle. Some unmelted snow remains from a heavy blizzard. Created by Auurous"},
    ["WarpedEstate"] = {["Difficulty"]="Hard",["AIPerPerson"]=5,["Name"]="Warped Estate",["Weight"]=1,["Public"]=true,["CameraSpots"]={CFrame.new(54.6484642, 263.033173, -464.166901, 0.5698874, -0.145496771, 0.808739185, 7.45057971e-09, 0.984199464, 0.177063093, -0.821722746, -0.100906014, 0.560882926)},["Icon"]=11351076813,["Desc"]="Dabbling in space-time has resulted in a liminal space with no reason to exist. Created by Bad_Yam"},
    ["TudorManor"] = {["Difficulty"]="Normal",["AIPerPerson"]=6,["Name"]="Tudor Manor",["Weight"]=1,["Public"]=true,["CameraSpots"]={CFrame.new(95.5417175, 65.9431839, -416.248962, 0.511089385, 0.0764298663, 0.856122792, 3.72529074e-09, 0.996038795, -0.0889207721, -0.859527707, 0.0454464667, 0.509064734)},["Icon"]=11351074236,["Desc"]="Antique mansions from the 18th century, this relic of our past has been kept in a pristine condition due to supernatural causes. Created by Lelerism"},
    ["Catacombs"] = {["Difficulty"]="Hard",["AIPerPerson"]=5,["Name"]="Catacombs",["Weight"]=0.8,["Public"]=true,["CameraSpots"]={CFrame.new(160.386429, 270.350708, -978.983154, -0.583536148, -0.127012506, 0.802093208, -0, 0.987693548, 0.156402528, -0.812087297, 0.0912665278, -0.576354802),CFrame.new(235.458694, 259.394714, -1107.33301, -0.638407826, -0.0924303457, 0.764128268, -3.72529074e-09, 0.9927634, 0.120086454, -0.769698322, 0.0766641349, -0.63378793)},["Icon"]=11351056214,["Desc"]="Abandonment, flesh, nerve and bone. Created by Subzeroto, Spookiner, & gecbomb"},
    ["Flat"]={["Difficulty"]="Easy",["AIPerPerson"]=4,["Name"]="Flat",["Weight"]=1,["Public"]=false,["CameraSpots"]={CFrame.new(-77.1958237, 7.62973022, 31.6932106, 0.43575415, -0.237648889, -0.8681252, -0, 0.964513183, -0.264035016, 0.90006578, 0.115054354, 0.420290589)},["Icon"]=10227671906,["Desc"]="test"},
    ["PitStop"]={["Difficulty"]="Normal",["AIPerPerson"]=5,["Name"]="Pit Stop",["Weight"]=0.05,["Public"]=false,["CameraSpots"]={CFrame.new(-77.1958237, 7.62973022, 31.6932106, 0.43575415, -0.237648889, -0.8681252, -0, 0.964513183, -0.264035016, 0.90006578, 0.115054354, 0.420290589)},["Icon"]=10962336899,["Desc"]="WHAT THE HECK IS THIS DOING HERE?!!"},
}
