{["Assault Rifle"] = {["SetG36"] = {{["Optics"]={["Hensoldt 3x Sight"]={["node"]="MountNode",["unlockkills"]=0},["Malcolm 3x Scope"]={["altmodel"]="Malcolm 3x Scope ALT",["attachmentModifiers"]={["setters"]={{["value"]=true,["indexPath"]={"blackscope"}},{["value"]=true,["indexPath"]={"pullout"}},{["value"]=false,["indexPath"]={"requirechamber"}}}}},["Reflector Scope"]={},["Bundeswehr Sight"]={["auxmodels"]={{["Node"]="IronNode",["PostName"]="Post"}}},["Hensoldt Dual Optic"]={["unlockkills"]=0}},["Barrel"]={["Flash Hider"]={["altmodel"]="Flash Hider 2"},["Compensator"]={["altmodel"]="Compensator"},["Muzzle Brake"]={["altmodel"]="Muzzle Brake 2"}},["Other"]={["Tri Laser"]={["mountnode"]="IronNode",["sidemount"]="UndermountG36"},["Canted Animu Sight"]={["mountnode"]="IronNode3",["node"]="IronNode2"},["Green Laser"]={["mountnode"]="IronNode",["sidemount"]="UndermountG36"},["Flashlight"]={["mountnode"]="IronNode",["sidemount"]="UndermountG36"},["Canted Acog Scope"]={["node"]="IronNode2"},["Blue Laser"]={["mountnode"]="IronNode",["sidemount"]="UndermountG36"},["Laser"]={["mountnode"]="IronNode",["sidemount"]="UndermountG36"},["Yellow Laser"]={["mountnode"]="IronNode",["sidemount"]="UndermountG36"},["Canted Iron Sight"]={["mountnode"]="IronNode3",["node"]="IronNode2"},["Canted Delta Sight"]={["node"]="IronNode2"},["Canted Furro Sight"]={["mountnode"]="IronNode3",["node"]="IronNode2"}},["Underbarrel"]={["Hera CQR Grip"]={},["Chainsaw Grip"]={["attachmentModifiers"]={["setters"]={{["value"]=CFrame.new(-0.360000014, 0.649999976, -0.550000012, -0.10770008, -0.375594795, -0.920504868, -0.949650168, -0.235143319, 0.207055941, -0.294219673, 0.896457553, -0.331358701),["indexPath"]={"larmaimoffset"}},{["value"]=CFrame.new(-0.360000014, 0.649999976, -0.550000012, -0.10770008, -0.375594795, -0.920504868, -0.949650168, -0.235143319, 0.207055941, -0.294219673, 0.896457553, -0.331358701),["indexPath"]={"larmoffset"}},{["value"]=CFrame.new(-0.360000014, 0.649999976, -0.550000012, -0.10770008, -0.375594795, -0.920504868, -0.949650168, -0.235143319, 0.207055941, -0.294219673, 0.896457553, -0.331358701),["indexPath"]={"larmsprintoffset"}},{["value"]=CFrame.new(0.800000012, -1.29999995, -1.20000005, 1, 0, 0, 0, 1, 0, 0, 0, 1),["indexPath"]={"mainoffset"}}}}}}},{}},
["SetAR15"] = {{["Optics"]={["Coyote Sight"]={["altmodel"]="Coyote Sight High"},["Mini Sight"]={["altmodel"]="Mini Sight High"},["Reflex Sight"]={["altmodel"]="Reflex Sight High"},["Delta Sight"]={["altmodel"]="Delta Sight High"},["Z-Point"]={["altmodel"]="Z-Point High"},["OKP-7"]={["altmodel"]="OKP-7 High"},["Pilad 3"]={["altmodel"]="Pilad 3 High"},["Reflector Scope"]={},["Barska Electro"]={["altmodel"]="Barska Electro High"},["PKA-S"]={},["DDHB Reflex"]={["altmodel"]="DDHB Reflex High"},["PK-A"]={}},["Barrel"]={["Flash Hider"]={["altmodel"]="Flash Hider 2"},["Compensator"]={["altmodel"]="Compensator"},["Muzzle Brake"]={["altmodel"]="Muzzle Brake 2"}},["Other"]={},["Underbarrel"]={["Skeleton Grip"]={["attachmentModifiers"]={["setters"]={{["value"]=CFrame.new(-0.319999993, -0.349999994, -0.550000012, 0.956159174, -0.292327166, -0.0174524058, -0.0820313692, -0.210149899, -0.974221647, 0.281123847, 0.932942569, -0.224916741),["indexPath"]={"larmaimoffset"}},{["value"]=CFrame.new(-0.400000006, -0.349999994, -0.550000012, 0.906307757, -0.42261827, 0, -0.0368336178, -0.0789899454, -0.99619472, 0.421010077, 0.902859032, -0.0871557668),["indexPath"]={"larmoffset"}},{["value"]=CFrame.new(-0.400000006, -0.349999994, -0.550000012, 0.928466141, -0.356404781, -0.104528464, -0.152445376, -0.109045669, -0.982277751, 0.338690102, 0.927946448, -0.155577481),["indexPath"]={"larmsprintoffset"}}}}},["Stubby Grip"]={["attachmentModifiers"]={["setters"]={{["value"]=CFrame.new(-0.319999993, -0.349999994, -0.550000012, 0.956159174, -0.292327166, -0.0174524058, -0.0820313692, -0.210149899, -0.974221647, 0.281123847, 0.932942569, -0.224916741),["indexPath"]={"larmaimoffset"}},{["value"]=CFrame.new(-0.400000006, -0.349999994, -0.550000012, 0.906307757, -0.42261827, 0, -0.0368336178, -0.0789899454, -0.99619472, 0.421010077, 0.902859032, -0.0871557668),["indexPath"]={"larmoffset"}},{["value"]=CFrame.new(-0.400000006, -0.349999994, -0.550000012, 0.928466141, -0.356404781, -0.104528464, -0.152445376, -0.109045669, -0.982277751, 0.338690102, 0.927946448, -0.155577481),["indexPath"]={"larmsprintoffset"}}}}},["Green Laser"]={["altmodel"]="Green Laser Handgun"},["Pistol Grip"]={["attachmentModifiers"]={["setters"]={{["value"]=CFrame.new(-0.319999993, -0.349999994, -0.550000012, 0.956159174, -0.292327166, -0.0174524058, -0.0820313692, -0.210149899, -0.974221647, 0.281123847, 0.932942569, -0.224916741),["indexPath"]={"larmaimoffset"}},{["value"]=CFrame.new(-0.400000006, -0.349999994, -0.550000012, 0.906307757, -0.42261827, 0, -0.0368336178, -0.0789899454, -0.99619472, 0.421010077, 0.902859032, -0.0871557668),["indexPath"]={"larmoffset"}},{["value"]=CFrame.new(-0.400000006, -0.349999994, -0.550000012, 0.928466141, -0.356404781, -0.104528464, -0.152445376, -0.109045669, -0.982277751, 0.338690102, 0.927946448, -0.155577481),["indexPath"]={"larmsprintoffset"}}}}},["Sideways Grip"]={["attachmentModifiers"]={["setters"]={{["value"]=CFrame.new(-0.319999993, -0.349999994, -0.550000012, 0.880283237, -0.269129574, -0.390731126, -0.429850549, -0.103810929, -0.896912396, 0.200823471, 0.957492888, -0.207068488),["indexPath"]={"larmaimoffset"}},{["value"]=CFrame.new(-0.200000003, -0.349999994, -0.550000012, 0.834260702, -0.389022171, -0.390731126, -0.389608711, 0.0855117962, -0.917002082, 0.390146255, 0.91725105, -0.080227308),["indexPath"]={"larmoffset"}},{["value"]=CFrame.new(-0.400000006, -0.349999994, -0.550000012, 0.859365284, -0.329879433, -0.390731126, -0.416348964, -0.00774256885, -0.909171939, 0.296891868, 0.943991303, -0.143998668),["indexPath"]={"larmsprintoffset"}}}}},["Folding Grip"]={["attachmentModifiers"]={["setters"]={{["value"]=CFrame.new(-0.319999993, -0.349999994, -0.550000012, 0.956159174, -0.292327166, -0.0174524058, -0.0820313692, -0.210149899, -0.974221647, 0.281123847, 0.932942569, -0.224916741),["indexPath"]={"larmaimoffset"}},{["value"]=CFrame.new(-0.400000006, -0.349999994, -0.550000012, 0.906307757, -0.42261827, 0, -0.0368336178, -0.0789899454, -0.99619472, 0.421010077, 0.902859032, -0.0871557668),["indexPath"]={"larmoffset"}},{["value"]=CFrame.new(-0.400000006, -0.349999994, -0.550000012, 0.928466141, -0.356404781, -0.104528464, -0.152445376, -0.109045669, -0.982277751, 0.338690102, 0.927946448, -0.155577481),["indexPath"]={"larmsprintoffset"}}}}},["Angled Grip"]={["attachmentModifiers"]={["setters"]={{["value"]=CFrame.new(-0.319999993, -0.25, -0.449999988, 0.956159174, -0.292327166, -0.0174524058, -0.0820313692, -0.210149899, -0.974221647, 0.281123847, 0.932942569, -0.224916741),["indexPath"]={"larmaimoffset"}},{["value"]=CFrame.new(-0.400000006, -0.25, -0.449999988, 0.906307757, -0.42261827, 0, -0.0368336178, -0.0789899454, -0.99619472, 0.421010077, 0.902859032, -0.0871557668),["indexPath"]={"larmoffset"}},{["value"]=CFrame.new(-0.400000006, -0.25, -0.449999988, 0.928466141, -0.356404781, -0.104528464, -0.152445376, -0.109045669, -0.982277751, 0.338690102, 0.927946448, -0.155577481),["indexPath"]={"larmsprintoffset"}}}}},["Vertical Grip"]={["attachmentModifiers"]={["setters"]={{["value"]=CFrame.new(-0.319999993, -0.349999994, -0.550000012, 0.956159174, -0.292327166, -0.0174524058, -0.0820313692, -0.210149899, -0.974221647, 0.281123847, 0.932942569, -0.224916741),["indexPath"]={"larmaimoffset"}},{["value"]=CFrame.new(-0.400000006, -0.349999994, -0.550000012, 0.906307757, -0.42261827, 0, -0.0368336178, -0.0789899454, -0.99619472, 0.421010077, 0.902859032, -0.0871557668),["indexPath"]={"larmoffset"}},{["value"]=CFrame.new(-0.400000006, -0.349999994, -0.550000012, 0.928466141, -0.356404781, -0.104528464, -0.152445376, -0.109045669, -0.982277751, 0.338690102, 0.927946448, -0.155577481),["indexPath"]={"larmsprintoffset"}}}}},["Chainsaw Grip"]={["attachmentModifiers"]={["setters"]={{["value"]=CFrame.new(-0.400000006, 0.5, -0.300000012, -0.10770008, -0.375594795, -0.920504868, -0.949650168, -0.235143319, 0.207055941, -0.294219673, 0.896457553, -0.331358701),["indexPath"]={"larmaimoffset"}},{["value"]=CFrame.new(-0.400000006, 0.5, -0.300000012, -0.10770008, -0.375594795, -0.920504868, -0.949650168, -0.235143319, 0.207055941, -0.294219673, 0.896457553, -0.331358701),["indexPath"]={"larmoffset"}},{["value"]=CFrame.new(-0.400000006, 0.5, -0.300000012, -0.10770008, -0.375594795, -0.920504868, -0.949650168, -0.235143319, 0.207055941, -0.294219673, 0.896457553, -0.331358701),["indexPath"]={"larmsprintoffset"}},{["value"]=CFrame.new(0.800000012, -1.39999998, -1.29999995, 1, 0, 0, 0, 1, 0, 0, 0, 1),["indexPath"]={"mainoffset"}}}}},["Laser"]={["altmodel"]="Laser Slot2"},["Hera CQR Grip"]={["attachmentModifiers"]={["setters"]={{["value"]=CFrame.new(-0.319999993, -0.349999994, -0.550000012, 0.956159174, -0.292327166, -0.0174524058, -0.0820313692, -0.210149899, -0.974221647, 0.281123847, 0.932942569, -0.224916741),["indexPath"]={"larmaimoffset"}},{["value"]=CFrame.new(-0.400000006, -0.349999994, -0.550000012, 0.906307757, -0.42261827, 0, -0.0368336178, -0.0789899454, -0.99619472, 0.421010077, 0.902859032, -0.0871557668),["indexPath"]={"larmoffset"}},{["value"]=CFrame.new(-0.400000006, -0.349999994, -0.550000012, 0.928466141, -0.356404781, -0.104528464, -0.152445376, -0.109045669, -0.982277751, 0.338690102, 0.927946448, -0.155577481),["indexPath"]={"larmsprintoffset"}}}}}}},{{"modify","Optics",{"1200M Sight","AAC Flip Up Sight","Animu Sight","Anti Sight","BUIS Sight","Backup Sight","Bundeswehr Sight","Carry Handle Sight","Diopter Sight","Double Open Sight","Dual Aperture Sight","Full Ring Sight","Furro Sight","H&K Export Sight","H&K Sight","Half Ring Sight","Hand Sight","Herstal Sight","IWI Sight","Izhmash Sight","KAC Sight","Kalashnikov Sight","Kel-Tec Sight","MBUS Sight","Quick-Release Sight","Steyr Sight","Super Slim Sight"},{["auxmodels"]={{["mainnode"]="OpticsNode",["sidemount"]=true,["Name"]="RailExtension3",["Node"]="OpticsNode"},{["auxmount"]="RailExtension3",["Node"]="IronPostNode",["PostName"]="Post"}},["sidemount"]="HandleMount2",["mountnode"]="MountNode"}}}},
["SetK2"] = {{["Optics"]={["Coyote Sight"]={["altmodel"]="Coyote Sight High"},["Mini Sight"]={["altmodel"]="Mini Sight High"},["Reflex Sight"]={["altmodel"]="Reflex Sight High"},["Delta Sight"]={["altmodel"]="Delta Sight High"},["Kousaku Sight"]={["node"]="OpticsNode"},["Z-Point"]={["altmodel"]="Z-Point High"},["OKP-7"]={["altmodel"]="OKP-7 High"},["Pilad 3"]={["altmodel"]="Pilad 3 High"},["Reflector Scope"]={},["Barska Electro"]={["altmodel"]="Barska Electro High"},["PKA-S"]={},["DDHB Reflex"]={["altmodel"]="DDHB Reflex High"},["PK-A"]={}},["Barrel"]={},["Other"]={},["Underbarrel"]={["Skeleton Grip"]={["replacepart"]="Handguard",["sidemount"]="AttMountK2",["mountnode"]="OtherNode",["attachmentModifiers"]={["setters"]={{["value"]=CFrame.new(-0.319999993, -0.349999994, -0.550000012, 0.956159174, -0.292327166, -0.0174524058, -0.0820313692, -0.210149899, -0.974221647, 0.281123847, 0.932942569, -0.224916741),["indexPath"]={"larmaimoffset"}},{["value"]=CFrame.new(-0.400000006, -0.349999994, -0.550000012, 0.906307757, -0.42261827, 0, -0.0368336178, -0.0789899454, -0.99619472, 0.421010077, 0.902859032, -0.0871557668),["indexPath"]={"larmoffset"}},{["value"]=CFrame.new(-0.400000006, -0.349999994, -0.550000012, 0.928466141, -0.356404781, -0.104528464, -0.152445376, -0.109045669, -0.982277751, 0.338690102, 0.927946448, -0.155577481),["indexPath"]={"larmsprintoffset"}},{["value"]={["Handguard"]=1},["indexPath"]={"transparencymod"}}}}},["Potato Grip"]={["replacepart"]="Handguard",["sidemount"]="AttMountK2",["mountnode"]="OtherNode",["attachmentModifiers"]={["setters"]={{["value"]=CFrame.new(-0.319999993, -0.25, -0.449999988, 0.956159174, -0.292327166, -0.0174524058, -0.0820313692, -0.210149899, -0.974221647, 0.281123847, 0.932942569, -0.224916741),["indexPath"]={"larmaimoffset"}},{["value"]=CFrame.new(-0.400000006, -0.25, -0.449999988, 0.906307757, -0.42261827, 0, -0.0368336178, -0.0789899454, -0.99619472, 0.421010077, 0.902859032, -0.0871557668),["indexPath"]={"larmoffset"}},{["value"]=CFrame.new(-0.400000006, -0.25, -0.449999988, 0.928466141, -0.356404781, -0.104528464, -0.152445376, -0.109045669, -0.982277751, 0.338690102, 0.927946448, -0.155577481),["indexPath"]={"larmsprintoffset"}},{["value"]={["Handguard"]=1},["indexPath"]={"transparencymod"}}}}},["Stubby Grip"]={["replacepart"]="Handguard",["sidemount"]="AttMountK2",["mountnode"]="OtherNode",["attachmentModifiers"]={["setters"]={{["value"]=CFrame.new(-0.319999993, -0.349999994, -0.550000012, 0.956159174, -0.292327166, -0.0174524058, -0.0820313692, -0.210149899, -0.974221647, 0.281123847, 0.932942569, -0.224916741),["indexPath"]={"larmaimoffset"}},{["value"]=CFrame.new(-0.400000006, -0.349999994, -0.550000012, 0.906307757, -0.42261827, 0, -0.0368336178, -0.0789899454, -0.99619472, 0.421010077, 0.902859032, -0.0871557668),["indexPath"]={"larmoffset"}},{["value"]=CFrame.new(-0.400000006, -0.349999994, -0.550000012, 0.928466141, -0.356404781, -0.104528464, -0.152445376, -0.109045669, -0.982277751, 0.338690102, 0.927946448, -0.155577481),["indexPath"]={"larmsprintoffset"}},{["value"]={["Handguard"]=1},["indexPath"]={"transparencymod"}}}}},["Green Laser"]={["altmodel"]="Green Laser Handgun"},["Pistol Grip"]={["replacepart"]="Handguard",["sidemount"]="AttMountK2",["mountnode"]="OtherNode",["attachmentModifiers"]={["setters"]={{["value"]=CFrame.new(-0.319999993, -0.349999994, -0.550000012, 0.956159174, -0.292327166, -0.0174524058, -0.0820313692, -0.210149899, -0.974221647, 0.281123847, 0.932942569, -0.224916741),["indexPath"]={"larmaimoffset"}},{["value"]=CFrame.new(-0.400000006, -0.349999994, -0.550000012, 0.906307757, -0.42261827, 0, -0.0368336178, -0.0789899454, -0.99619472, 0.421010077, 0.902859032, -0.0871557668),["indexPath"]={"larmoffset"}},{["value"]=CFrame.new(-0.400000006, -0.349999994, -0.550000012, 0.928466141, -0.356404781, -0.104528464, -0.152445376, -0.109045669, -0.982277751, 0.338690102, 0.927946448, -0.155577481),["indexPath"]={"larmsprintoffset"}},{["value"]={["Handguard"]=1},["indexPath"]={"transparencymod"}}}}},["Sideways Grip"]={["replacepart"]="Handguard",["sidemount"]="AttMountK2",["mountnode"]="OtherNode",["attachmentModifiers"]={["setters"]={{["value"]=CFrame.new(-0.319999993, -0.349999994, -0.550000012, 0.956159174, -0.292327166, -0.0174524058, -0.0820313692, -0.210149899, -0.974221647, 0.281123847, 0.932942569, -0.224916741),["indexPath"]={"larmaimoffset"}},{["value"]=CFrame.new(-0.400000006, -0.349999994, -0.550000012, 0.906307757, -0.42261827, 0, -0.0368336178, -0.0789899454, -0.99619472, 0.421010077, 0.902859032, -0.0871557668),["indexPath"]={"larmoffset"}},{["value"]=CFrame.new(-0.400000006, -0.349999994, -0.550000012, 0.928466141, -0.356404781, -0.104528464, -0.152445376, -0.109045669, -0.982277751, 0.338690102, 0.927946448, -0.155577481),["indexPath"]={"larmsprintoffset"}},{["value"]={["Handguard"]=1},["indexPath"]={"transparencymod"}}}}},["Folding Grip"]={["replacepart"]="Handguard",["sidemount"]="AttMountK2",["mountnode"]="OtherNode",["attachmentModifiers"]={["setters"]={{["value"]=CFrame.new(-0.319999993, -0.349999994, -0.550000012, 0.956159174, -0.292327166, -0.0174524058, -0.0820313692, -0.210149899, -0.974221647, 0.281123847, 0.932942569, -0.224916741),["indexPath"]={"larmaimoffset"}},{["value"]=CFrame.new(-0.400000006, -0.349999994, -0.550000012, 0.906307757, -0.42261827, 0, -0.0368336178, -0.0789899454, -0.99619472, 0.421010077, 0.902859032, -0.0871557668),["indexPath"]={"larmoffset"}},{["value"]=CFrame.new(-0.400000006, -0.349999994, -0.550000012, 0.928466141, -0.356404781, -0.104528464, -0.152445376, -0.109045669, -0.982277751, 0.338690102, 0.927946448, -0.155577481),["indexPath"]={"larmsprintoffset"}},{["value"]={["Handguard"]=1},["indexPath"]={"transparencymod"}}}}},["Angled Grip"]={["replacepart"]="Handguard",["sidemount"]="AttMountK2",["mountnode"]="OtherNode",["attachmentModifiers"]={["setters"]={{["value"]=CFrame.new(-0.319999993, -0.25, -0.449999988, 0.956159174, -0.292327166, -0.0174524058, -0.0820313692, -0.210149899, -0.974221647, 0.281123847, 0.932942569, -0.224916741),["indexPath"]={"larmaimoffset"}},{["value"]=CFrame.new(-0.400000006, -0.25, -0.449999988, 0.906307757, -0.42261827, 0, -0.0368336178, -0.0789899454, -0.99619472, 0.421010077, 0.902859032, -0.0871557668),["indexPath"]={"larmoffset"}},{["value"]=CFrame.new(-0.400000006, -0.25, -0.449999988, 0.928466141, -0.356404781, -0.104528464, -0.152445376, -0.109045669, -0.982277751, 0.338690102, 0.927946448, -0.155577481),["indexPath"]={"larmsprintoffset"}},{["value"]={["Handguard"]=1},["indexPath"]={"transparencymod"}}}}},["Vertical Grip"]={["replacepart"]="Handguard",["sidemount"]="AttMountK2",["mountnode"]="OtherNode",["attachmentModifiers"]={["setters"]={{["value"]=CFrame.new(-0.319999993, -0.349999994, -0.550000012, 0.956159174, -0.292327166, -0.0174524058, -0.0820313692, -0.210149899, -0.974221647, 0.281123847, 0.932942569, -0.224916741),["indexPath"]={"larmaimoffset"}},{["value"]=CFrame.new(-0.400000006, -0.349999994, -0.550000012, 0.906307757, -0.42261827, 0, -0.0368336178, -0.0789899454, -0.99619472, 0.421010077, 0.902859032, -0.0871557668),["indexPath"]={"larmoffset"}},{["value"]=CFrame.new(-0.400000006, -0.349999994, -0.550000012, 0.928466141, -0.356404781, -0.104528464, -0.152445376, -0.109045669, -0.982277751, 0.338690102, 0.927946448, -0.155577481),["indexPath"]={"larmsprintoffset"}},{["value"]={["Handguard"]=1},["indexPath"]={"transparencymod"}}}}},["Chainsaw Grip"]={["replacepart"]="Handguard",["sidemount"]="AttMountK2",["mountnode"]="OtherNode",["attachmentModifiers"]={["setters"]={{["value"]=CFrame.new(-0.400000006, 0.5, -0.300000012, -0.10770008, -0.375594795, -0.920504868, -0.949650168, -0.235143319, 0.207055941, -0.294219673, 0.896457553, -0.331358701),["indexPath"]={"larmaimoffset"}},{["value"]=CFrame.new(-0.400000006, 0.5, -0.300000012, -0.10770008, -0.375594795, -0.920504868, -0.949650168, -0.235143319, 0.207055941, -0.294219673, 0.896457553, -0.331358701),["indexPath"]={"larmoffset"}},{["value"]=CFrame.new(-0.400000006, 0.5, -0.300000012, -0.10770008, -0.375594795, -0.920504868, -0.949650168, -0.235143319, 0.207055941, -0.294219673, 0.896457553, -0.331358701),["indexPath"]={"larmsprintoffset"}},{["value"]=CFrame.new(0.800000012, -1.39999998, -1.29999995, 1, 0, 0, 0, 1, 0, 0, 0, 1),["indexPath"]={"mainoffset"}},{["value"]={["Handguard"]=1},["indexPath"]={"transparencymod"}}}}},["Laser"]={["altmodel"]="Laser Slot2"},["Hera CQR Grip"]={["replacepart"]="Handguard",["sidemount"]="AttMountK2",["mountnode"]="OtherNode",["attachmentModifiers"]={["setters"]={{["value"]=CFrame.new(-0.319999993, -0.349999994, -0.550000012, 0.956159174, -0.292327166, -0.0174524058, -0.0820313692, -0.210149899, -0.974221647, 0.281123847, 0.932942569, -0.224916741),["indexPath"]={"larmaimoffset"}},{["value"]=CFrame.new(-0.400000006, -0.349999994, -0.550000012, 0.906307757, -0.42261827, 0, -0.0368336178, -0.0789899454, -0.99619472, 0.421010077, 0.902859032, -0.0871557668),["indexPath"]={"larmoffset"}},{["value"]=CFrame.new(-0.400000006, -0.349999994, -0.550000012, 0.928466141, -0.356404781, -0.104528464, -0.152445376, -0.109045669, -0.982277751, 0.338690102, 0.927946448, -0.155577481),["indexPath"]={"larmsprintoffset"}},{["value"]={["Handguard"]=1},["indexPath"]={"transparencymod"}}}}}}},{{"modify","Optics",{"1200M Sight","AAC Flip Up Sight","Animu Sight","Anti Sight","BUIS Sight","Backup Sight","Carry Handle Sight","Diopter Sight","Double Open Sight","Dual Aperture Sight","Full Ring Sight","Furro Sight","H&K Export Sight","H&K Sight","Hand Sight","Herstal Sight","IWI Sight","Izhmash Sight","KAC Sight","Kalashnikov Sight","Kel-Tec Sight","MBUS Sight","Quick-Release Sight","Steyr Sight","Super Slim Sight"},{["auxmodels"]={{["mainnode"]="IronNode",["sidemount"]=false,["Name"]="AttMountK2",["Node"]="OtherNode"},{["auxmount"]="AttMountK2",["Node"]="IronPostNode",["PostName"]="Post"}},["attachmentModifiers"]={["setters"]={{["value"]={["Handguard"]=true},["indexPath"]={"removeparts"}}}}}}}},
["SetM16"] = {{["Optics"]={},["Barrel"]={},["Other"]={},["Underbarrel"]={}},{{"modify","Optics",{"1200M Sight","AAC Flip Up Sight","Animu Sight","Anti Sight","BUIS Sight","Backup Sight","Carry Handle Sight","Diopter Sight","Double Open Sight","Dual Aperture Sight","Full Ring Sight","Furro Sight","H&K Export Sight","H&K Sight","Half Ring Sight","Hand Sight","Herstal Sight","IWI Sight","Izhmash Sight","KAC Sight","Kalashnikov Sight","Kel-Tec Sight","MBUS Sight","Quick-Release Sight","Steyr Sight","Super Slim Sight"},{["auxmodels"]={{["mainnode"]="IronNode",["sidemount"]=true,["Name"]="OpticsM16A1",["Node"]="MountNode"},{["auxmount"]="OpticsM16A1",["Node"]="IronPostNode",["PostName"]="Post"}}}},{"modifyallexcept","Optics",{"1200M Sight","AAC Flip Up Sight","Animu Sight","Anti Sight","BUIS Sight","Backup Sight","Bundeswehr Sight","Carry Handle Sight","Diopter Sight","Double Open Sight","Dual Aperture Sight","Full Ring Sight","Furro Sight","H&K Export Sight","H&K Sight","Half Ring Sight","Hand Sight","Herstal Sight","IWI Sight","Izhmash Sight","KAC Sight","Kalashnikov Sight","Kel-Tec Sight","MBUS Sight","Quick-Release Sight","Steyr Sight","Super Slim Sight"},{["sidemount"]="OpticsM16A1"}}}},
["SetAUGPARA"] = {{["Optics"]={["Bundeswehr Sight"]={["auxmodels"]={{["Node"]="IronNode",["PostName"]="Post"}}},["Reflector Scope"]={}},["Barrel"]={["Flash Hider"]={["altmodel"]="Flash Hider 5"},["Compensator"]={["altmodel"]="Compensator 3"},["Muzzle Brake"]={["altmodel"]="Muzzle Brake 5"}},["Other"]={["Blue Laser"]={},["Laser"]={["altmodel"]="Laser Handgun"},["Green Laser"]={},["Flashlight"]={["altmodel"]="Flashlight Handgun"},["Tri Laser"]={}},["Underbarrel"]={["Skeleton Grip"]={},["Potato Grip"]={},["Stubby Grip"]={},["Green Laser"]={["altmodel"]="Green Laser Alt1"},["Pistol Grip"]={},["Flashlight"]={},["Tri Laser"]={},["Blue Laser"]={},["Sideways Grip"]={},["Folding Grip"]={},["Angled Grip"]={},["Vertical Grip"]={},["Chainsaw Grip"]={["attachmentModifiers"]={["setters"]={{["value"]=CFrame.new(-0.310000002, 0.449999988, -0.25, -0.10770008, -0.375594795, -0.920504868, -0.949650168, -0.235143319, 0.207055941, -0.294219673, 0.896457553, -0.331358701),["indexPath"]={"larmaimoffset"}},{["value"]=CFrame.new(-0.310000002, 0.449999988, -0.25, -0.10770008, -0.375594795, -0.920504868, -0.949650168, -0.235143319, 0.207055941, -0.294219673, 0.896457553, -0.331358701),["indexPath"]={"larmoffset"}},{["value"]=CFrame.new(-0.310000002, 0.449999988, -0.25, -0.10770008, -0.375594795, -0.920504868, -0.949650168, -0.235143319, 0.207055941, -0.294219673, 0.896457553, -0.331358701),["indexPath"]={"larmsprintoffset"}}}}},["Laser"]={["altmodel"]="Laser Alt1",["unlockkills"]=75},["Hera CQR Grip"]={}}},{}},
["SetSTG"] = {{["Optics"]={["Malcolm 3x Scope"]={["altmodel"]="Malcolm 3x Scope ALT",["attachmentModifiers"]={["setters"]={{["value"]=true,["indexPath"]={"blackscope"}},{["value"]=true,["indexPath"]={"pullout"}},{["value"]=false,["indexPath"]={"requirechamber"}}}}},["Hensoldt 3x Sight"]={["altmodel"]="Hensoldt 3x Sight Short",["unlockkills"]=850}},["Barrel"]={["Flash Hider"]={["altmodel"]="Flash Hider 4"},["Compensator"]={["altmodel"]="Compensator 2"},["Muzzle Brake"]={["altmodel"]="Muzzle Brake"}},["Other"]={["Blue Laser"]={["mountnode"]="UnderMountNode",["sidemount"]="STG Mount 2"},["Laser"]={["mountnode"]="UnderMountNode",["sidemount"]="STG Mount 2"},["Green Laser"]={["altmodel"]="Green Laser Handgun",["sidemount"]="STG Mount 2",["mountnode"]="UnderMountNode"},["Yellow Laser"]={["mountnode"]="UnderMountNode",["sidemount"]="STG Mount 2"},["Flashlight"]={["mountnode"]="UnderMountNode",["sidemount"]="STG Mount 2"},["Tri Laser"]={["mountnode"]="UnderMountNode",["sidemount"]="STG Mount 2"}},["Underbarrel"]={["Skeleton Grip"]={["sidemount"]="STG Mount 1",["mountnode"]="UnderMountNode",["attachmentModifiers"]={["setters"]={{["value"]=CFrame.new(-0.319999993, -0.400000006, -0.899999976, 0.956159174, -0.292327166, -0.0174524058, -0.0820313692, -0.210149899, -0.974221647, 0.281123847, 0.932942569, -0.224916741),["indexPath"]={"larmaimoffset"}},{["value"]=CFrame.new(-0.400000006, -0.400000006, -0.899999976, 0.906307757, -0.42261827, 0, -0.0368336178, -0.0789899454, -0.99619472, 0.421010077, 0.902859032, -0.0871557668),["indexPath"]={"larmoffset"}},{["value"]=CFrame.new(-0.400000006, -0.400000006, -0.899999976, 0.928466141, -0.356404781, -0.104528464, -0.152445376, -0.109045669, -0.982277751, 0.338690102, 0.927946448, -0.155577481),["indexPath"]={"larmsprintoffset"}}}}},["Potato Grip"]={["sidemount"]="STG Mount 1",["mountnode"]="UnderMountNode",["attachmentModifiers"]={["setters"]={{["value"]=CFrame.new(-0.319999993, -0.400000006, -0.899999976, 0.956159174, -0.292327166, -0.0174524058, -0.0820313692, -0.210149899, -0.974221647, 0.281123847, 0.932942569, -0.224916741),["indexPath"]={"larmaimoffset"}},{["value"]=CFrame.new(-0.400000006, -0.400000006, -0.899999976, 0.906307757, -0.42261827, 0, -0.0368336178, -0.0789899454, -0.99619472, 0.421010077, 0.902859032, -0.0871557668),["indexPath"]={"larmoffset"}},{["value"]=CFrame.new(-0.400000006, -0.400000006, -0.899999976, 0.928466141, -0.356404781, -0.104528464, -0.152445376, -0.109045669, -0.982277751, 0.338690102, 0.927946448, -0.155577481),["indexPath"]={"larmsprintoffset"}}}}},["Stubby Grip"]={["sidemount"]="STG Mount 1",["mountnode"]="UnderMountNode",["attachmentModifiers"]={["setters"]={{["value"]=CFrame.new(-0.319999993, -0.400000006, -0.899999976, 0.956159174, -0.292327166, -0.0174524058, -0.0820313692, -0.210149899, -0.974221647, 0.281123847, 0.932942569, -0.224916741),["indexPath"]={"larmaimoffset"}},{["value"]=CFrame.new(-0.400000006, -0.400000006, -0.899999976, 0.906307757, -0.42261827, 0, -0.0368336178, -0.0789899454, -0.99619472, 0.421010077, 0.902859032, -0.0871557668),["indexPath"]={"larmoffset"}},{["value"]=CFrame.new(-0.400000006, -0.400000006, -0.899999976, 0.928466141, -0.356404781, -0.104528464, -0.152445376, -0.109045669, -0.982277751, 0.338690102, 0.927946448, -0.155577481),["indexPath"]={"larmsprintoffset"}}}}},["Yellow Laser"]={["mountnode"]="UnderMountNode",["sidemount"]="STG Mount 1"},["Green Laser"]={["altmodel"]="Green Laser Handgun",["sidemount"]="STG Mount 1",["mountnode"]="UnderMountNode"},["Pistol Grip"]={["sidemount"]="STG Mount 1",["mountnode"]="UnderMountNode",["attachmentModifiers"]={["setters"]={{["value"]=CFrame.new(-0.319999993, -0.400000006, -0.899999976, 0.956159174, -0.292327166, -0.0174524058, -0.0820313692, -0.210149899, -0.974221647, 0.281123847, 0.932942569, -0.224916741),["indexPath"]={"larmaimoffset"}},{["value"]=CFrame.new(-0.400000006, -0.400000006, -0.899999976, 0.906307757, -0.42261827, 0, -0.0368336178, -0.0789899454, -0.99619472, 0.421010077, 0.902859032, -0.0871557668),["indexPath"]={"larmoffset"}},{["value"]=CFrame.new(-0.400000006, -0.400000006, -0.899999976, 0.928466141, -0.356404781, -0.104528464, -0.152445376, -0.109045669, -0.982277751, 0.338690102, 0.927946448, -0.155577481),["indexPath"]={"larmsprintoffset"}}}}},["Flashlight"]={["mountnode"]="UnderMountNode",["sidemount"]="STG Mount 1"},["Tri Laser"]={["mountnode"]="UnderMountNode",["sidemount"]="STG Mount 1"},["Blue Laser"]={["mountnode"]="UnderMountNode",["sidemount"]="STG Mount 1"},["Sideways Grip"]={["sidemount"]="STG Mount 1",["mountnode"]="UnderMountNode",["attachmentModifiers"]={["setters"]={{["value"]=CFrame.new(-0.319999993, -0.400000006, -0.899999976, 0.956159174, -0.292327166, -0.0174524058, -0.0820313692, -0.210149899, -0.974221647, 0.281123847, 0.932942569, -0.224916741),["indexPath"]={"larmaimoffset"}},{["value"]=CFrame.new(-0.400000006, -0.400000006, -0.899999976, 0.906307757, -0.42261827, 0, -0.0368336178, -0.0789899454, -0.99619472, 0.421010077, 0.902859032, -0.0871557668),["indexPath"]={"larmoffset"}},{["value"]=CFrame.new(-0.400000006, -0.400000006, -0.899999976, 0.928466141, -0.356404781, -0.104528464, -0.152445376, -0.109045669, -0.982277751, 0.338690102, 0.927946448, -0.155577481),["indexPath"]={"larmsprintoffset"}}}}},["Folding Grip"]={["sidemount"]="STG Mount 1",["mountnode"]="UnderMountNode",["attachmentModifiers"]={["setters"]={{["value"]=CFrame.new(-0.319999993, -0.400000006, -0.899999976, 0.956159174, -0.292327166, -0.0174524058, -0.0820313692, -0.210149899, -0.974221647, 0.281123847, 0.932942569, -0.224916741),["indexPath"]={"larmaimoffset"}},{["value"]=CFrame.new(-0.400000006, -0.400000006, -0.899999976, 0.906307757, -0.42261827, 0, -0.0368336178, -0.0789899454, -0.99619472, 0.421010077, 0.902859032, -0.0871557668),["indexPath"]={"larmoffset"}},{["value"]=CFrame.new(-0.400000006, -0.400000006, -0.899999976, 0.928466141, -0.356404781, -0.104528464, -0.152445376, -0.109045669, -0.982277751, 0.338690102, 0.927946448, -0.155577481),["indexPath"]={"larmsprintoffset"}}}}},["Angled Grip"]={["sidemount"]="STG Mount 1",["mountnode"]="UnderMountNode",["attachmentModifiers"]={["setters"]={{["value"]=CFrame.new(-0.319999993, -0.400000006, -0.899999976, 0.956159174, -0.292327166, -0.0174524058, -0.0820313692, -0.210149899, -0.974221647, 0.281123847, 0.932942569, -0.224916741),["indexPath"]={"larmaimoffset"}},{["value"]=CFrame.new(-0.400000006, -0.400000006, -0.899999976, 0.906307757, -0.42261827, 0, -0.0368336178, -0.0789899454, -0.99619472, 0.421010077, 0.902859032, -0.0871557668),["indexPath"]={"larmoffset"}},{["value"]=CFrame.new(-0.400000006, -0.400000006, -0.899999976, 0.928466141, -0.356404781, -0.104528464, -0.152445376, -0.109045669, -0.982277751, 0.338690102, 0.927946448, -0.155577481),["indexPath"]={"larmsprintoffset"}}}}},["Vertical Grip"]={["sidemount"]="STG Mount 1",["mountnode"]="UnderMountNode",["attachmentModifiers"]={["setters"]={{["value"]=CFrame.new(-0.319999993, -0.400000006, -0.800000012, 0.956159174, -0.292327166, -0.0174524058, -0.0820313692, -0.210149899, -0.974221647, 0.281123847, 0.932942569, -0.224916741),["indexPath"]={"larmaimoffset"}},{["value"]=CFrame.new(-0.400000006, -0.400000006, -0.800000012, 0.906307757, -0.42261827, 0, -0.0368336178, -0.0789899454, -0.99619472, 0.421010077, 0.902859032, -0.0871557668),["indexPath"]={"larmoffset"}},{["value"]=CFrame.new(-0.400000006, -0.400000006, -0.800000012, 0.928466141, -0.356404781, -0.104528464, -0.152445376, -0.109045669, -0.982277751, 0.338690102, 0.927946448, -0.155577481),["indexPath"]={"larmsprintoffset"}}}}},["Chainsaw Grip"]={["sidemount"]="STG Mount 1",["mountnode"]="UnderMountNode",["attachmentModifiers"]={["setters"]={{["value"]=CFrame.new(-0.400000006, 0.519999981, -0.800000012, -0.10770008, -0.375594795, -0.920504868, -0.949650168, -0.235143319, 0.207055941, -0.294219673, 0.896457553, -0.331358701),["indexPath"]={"larmaimoffset"}},{["value"]=CFrame.new(-0.400000006, 0.519999981, -0.800000012, -0.10770008, -0.375594795, -0.920504868, -0.949650168, -0.235143319, 0.207055941, -0.294219673, 0.896457553, -0.331358701),["indexPath"]={"larmoffset"}},{["value"]=CFrame.new(-0.400000006, 0.519999981, -0.800000012, -0.10770008, -0.375594795, -0.920504868, -0.949650168, -0.235143319, 0.207055941, -0.294219673, 0.896457553, -0.331358701),["indexPath"]={"larmsprintoffset"}},{["value"]=CFrame.new(0.75999999, -1.29999995, -1, 1, 0, 0, 0, 1, 0, 0, 0, 1),["indexPath"]={"mainoffset"}}}}},["Laser"]={["mountnode"]="UnderMountNode",["sidemount"]="STG Mount 1"},["Hera CQR Grip"]={["sidemount"]="STG Mount 1",["mountnode"]="UnderMountNode",["attachmentModifiers"]={["setters"]={{["value"]=CFrame.new(-0.319999993, -0.400000006, -0.899999976, 0.956159174, -0.292327166, -0.0174524058, -0.0820313692, -0.210149899, -0.974221647, 0.281123847, 0.932942569, -0.224916741),["indexPath"]={"larmaimoffset"}},{["value"]=CFrame.new(-0.400000006, -0.400000006, -0.899999976, 0.906307757, -0.42261827, 0, -0.0368336178, -0.0789899454, -0.99619472, 0.421010077, 0.902859032, -0.0871557668),["indexPath"]={"larmoffset"}},{["value"]=CFrame.new(-0.400000006, -0.400000006, -0.899999976, 0.928466141, -0.356404781, -0.104528464, -0.152445376, -0.109045669, -0.982277751, 0.338690102, 0.927946448, -0.155577481),["indexPath"]={"larmsprintoffset"}}}}}}},{{"modify","Optics",{"Acog Scope","C79","Comp Aimpoint","DCL 120","EOTech 552","EOTech XPS2","FF 3x NV","Hensoldt 3x Sight","Hensoldt Z24","Kobra Sight","Kousaku OLED Sight","Kousaku Sight","M145","MARS","PK-A","PSO-1 Scope","PSO-1M2 Scope","PU-1 Scope","Plague Insight","Reflector Scope","SUSAT Scope","Swarovski Scope","TA01 Acog","TA11 Acog","TA33 Acog","TA44 Acog","Vcog 6x Scope","Vcog 8x Scope"},{["mountnode"]="MountNode",["sidemount"]="STG optic 2"}},{"modify","Optics",{"AMT-Terminator","Barska Electro","Coyote Sight","Coyote Sight","DDHB Reflex","Delta Sight","Handmade Sight","Kobra EKP Sight","MACRO P-1","Maglite","Microdot Mini","Microdot SRS","Mini Sight","OEG","OKP-7","PKA-S","Pilad 3","Reflex Sight","UH Gen1","Z-Point"},{["mountnode"]="MountNode",["sidemount"]="STG optic 1"}},{"modify","Optics",{"1200M Sight","AAC Flip Up Sight","Animu Sight","Anti Sight","BUIS Sight","Backup Sight","Bundeswehr Sight","Carry Handle Sight","Diopter Sight","Double Open Sight","Dual Aperture Sight","Full Ring Sight","Furro Sight","H&K Export Sight","H&K Sight","Half Ring Sight","Hand Sight","Herstal Sight","IWI Sight","Izhmash Sight","KAC Sight","Kalashnikov Sight","Kel-Tec Sight","MBUS Sight","Quick-Release Sight","Steyr Sight","Super Slim Sight"},{["auxmodels"]={{["mainnode"]="OpticsNode",["sidemount"]=false,["Name"]="STG optic 2",["Node"]="MountNode"},{["auxmount"]="STG optic 2",["Node"]="PostNode",["PostName"]="Post"}}}}}},
["SetFAMAS"] = {{["Optics"]={["Reflector Scope"]={}},["Barrel"]={},["Other"]={},["Underbarrel"]={}},{{"modify","Optics",{"1200M Sight","AAC Flip Up Sight","Animu Sight","Anti Sight","BUIS Sight","Backup Sight","Carry Handle Sight","Diopter Sight","Double Open Sight","Dual Aperture Sight","Full Ring Sight","Furro Sight","H&K Export Sight","H&K Sight","Half Ring Sight","Hand Sight","Herstal Sight","IWI Sight","Izhmash Sight","KAC Sight","Kalashnikov Sight","Kel-Tec Sight","MBUS Sight","Quick-Release Sight","Steyr Sight","Super Slim Sight"},{["auxmodels"]={{["mainnode"]="OpticsNode",["sidemount"]=false,["Name"]="FAMASmount",["Node"]="MountNode"},{["auxmount"]="FAMASmount",["Node"]="IronPostNode",["PostName"]="Post"}}}},{"modifyallexcept","Optics",{"1200M Sight","AAC Flip Up Sight","Animu Sight","Anti Sight","BUIS Sight","Backup Sight","Carry Handle Sight","Diopter Sight","Double Open Sight","Dual Aperture Sight","Full Ring Sight","Furro Sight","H&K Export Sight","H&K Sight","Half Ring Sight","Hand Sight","Herstal Sight","IWI Sight","Izhmash Sight","KAC Sight","Kalashnikov Sight","Kel-Tec Sight","MBUS Sight","Quick-Release Sight","Steyr Sight","Super Slim Sight"},{["mountnode"]="MountNode",["sidemount"]="FAMASmount"}}}},
