data = {
    ["Summon"] = {
        ["Image"] = "rbxassetid://107786874279578",
        ["Description"] = "Summon units that will help you with stages!",
        ["Position"] = CFrame.new(
            -375.909882,
            43.5097504,
            730.627563,
            -0.999999285,
            -2.43101385e-06,
            0.00119911041,
            2.91456236e-05,
            0.999653339,
            0.0263290554,
            -0.0011987593,
            0.0263290703,
            -0.999652624
        )
    },
    ["Raids"] = {
        ["Image"] = "rbxassetid://73963685496243",
        ["Description"] = "Earn special rewards by completing difficult stages!",
        ["Position"] = CFrame.new(
            -281.98468,
            41.0739822,
            604.839172,
            -0.001176727,
            0.0732901394,
            -0.997309923,
            0.000474041473,
            0.997310638,
            0.0732896253,
            0.999999166,
            -0.00038652349,
            -0.0012083035
        )
    },
    ["Challenges"] = {
        ["Image"] = "rbxassetid://18468163510",
        ["Description"] = "Earn rewards by completing special stages!",
        ["Position"] = CFrame.new(
            -269.781433,
            40.8825188,
            705.522766,
            0.00755624473,
            0.0891567171,
            -0.995988905,
            0.000625973218,
            0.996016741,
            0.089163959,
            0.999971271,
            -0.00129720522,
            0.00747033488
        )
    },
    ["Play"] = {
        ["Image"] = "rbxassetid://18468157258",
        ["Description"] = "Get right into the action!",
        ["Position"] = CFrame.new(
            -475.217957,
            41.1200447,
            603.620544,
            0.00117569882,
            -0.0843560472,
            0.996434987,
            0.000544127659,
            0.996435583,
            0.0843554586,
            -0.999999166,
            0.000443008525,
            0.00121740997
        )
    },
    ["Evolve"] = {
        ["Image"] = "rbxassetid://18468166984",
        ["Description"] = "Power up units through evolution!",
        ["Position"] = CFrame.new(
            -475.795776,
            41.1629181,
            705.522156,
            0.00117684435,
            -0.0723121092,
            0.99738133,
            0.000438946707,
            0.997381985,
            0.0723116323,
            -0.999999166,
            0.000352701201,
            0.00120550301
        )
    }
}
