data = {["Mosin Obrez"]={["InventoryPickupSound"]="Weapon 01 Pickup",
	["AttachmentIconAdjustments"]={["Sight"]={["LeftRight"]=0,
		["ZoomOut"]=1.5,
		["UpDown"]=-0.2},
	["Ammo"]={["LeftRight"]=0,
		["ZoomOut"]=0,
		["UpDown"]=0},
	["Barrel"]={["LeftRight"]=-0.35,
		["ZoomOut"]=3,
		["UpDown"]=0},
	["Underbarrel"]={["LeftRight"]=0,
		["ZoomOut"]=0,
		["UpDown"]=0}},
	["AimFieldOfView"]=33,
	["PoseData"]={["ThirdPersonPoseData"]={["Running"]={["Rotation"]=Vector3.new(-0.34906598925590515, 1.3962630033493042, 0),
		["Position"]=Vector3.new(-0.699999988079071, -0.05000000074505806, -1),
		["LeftHandOffset"]=Vector3.new(-0.05000000074505806, -0.4000000059604645, 0),
		["RightHandOffset"]=Vector3.new(-0.20000000298023224, -0.550000011920929, 0.15000000596046448),
		["LeftHandRoll"]=0.174533,
		["RightHandRoll"]=0.523599},
	["AtEase"]={["Rotation"]=Vector3.new(-0.34906598925590515, 1.3962630033493042, 0),
		["Position"]=Vector3.new(-0.699999988079071, -0.05000000074505806, -1),
		["LeftHandOffset"]=Vector3.new(-0.05000000074505806, -0.4000000059604645, 0),
		["RightHandOffset"]=Vector3.new(-0.20000000298023224, -0.550000011920929, 0.15000000596046448),
		["LeftHandRoll"]=0.174533,
		["RightHandRoll"]=0.523599},
	["Aiming"]={["Rotation"]=Vector3.new(0, 0, 0),
		["Position"]=Vector3.new(0.75, 0.8999999761581421, -1.850000023841858),
		["LeftHandOffset"]=Vector3.new(0.05000000074505806, -0.5, 0.05000000074505806),
		["RightHandOffset"]=Vector3.new(0.05000000074505806, -0.5, 0.20000000298023224),
		["LeftHandRoll"]=-0.174533,
		["RightHandRoll"]=0.174533},
	["Reloading"]={["Rotation"]=Vector3.new(0, 0, 0),
		["Position"]=Vector3.new(0, 0, 0),
		["LeftHandOffset"]=Vector3.new(0, 0, 0),
		["RightHandOffset"]=Vector3.new(0, 0, 0),
		["LeftHandRoll"]=0,
		["RightHandRoll"]=0},
	["Idle"]={["Rotation"]=Vector3.new(0, 0, 0),
		["Position"]=Vector3.new(0.8999999761581421, 0.550000011920929, -1.7000000476837158),
		["LeftHandOffset"]=Vector3.new(-0.10000000149011612, -0.6000000238418579, 0.05000000074505806),
		["RightHandOffset"]=Vector3.new(0, -0.4000000059604645, 0.30000001192092896),
		["LeftHandRoll"]=-0.349066,
		["RightHandRoll"]=0}},
	["FirstPersonPoseData"]={["Running"]={["Rotation"]=Vector3.new(-0.34906598925590515, 1.0471980571746826, 0),
		["Position"]=Vector3.new(-0.44999998807907104, -1, -1.5499999523162842),
		["LeftHandOffset"]=Vector3.new(0.10000000149011612, -0.44999998807907104, -0.3499999940395355),
		["RightHandOffset"]=Vector3.new(-0.05000000074505806, -0.4000000059604645, -0.30000001192092896),
		["LeftHandRoll"]=0.174533,
		["RightHandRoll"]=0},
	["AtEase"]={["Rotation"]=Vector3.new(-0.34906598925590515, 1.0471980571746826, 0),
		["Position"]=Vector3.new(-0.44999998807907104, -1, -1.5499999523162842),
		["LeftHandOffset"]=Vector3.new(0.10000000149011612, -0.44999998807907104, -0.3499999940395355),
		["RightHandOffset"]=Vector3.new(-0.05000000074505806, -0.4000000059604645, -0.30000001192092896),
		["LeftHandRoll"]=0.174533,
		["RightHandRoll"]=0},
	["Aiming"]={["Rotation"]=Vector3.new(0, 0, 0),
		["Position"]=Vector3.new(0, 0, 0.5),
		["LeftHandOffset"]=Vector3.new(0.05000000074505806, -0.550000011920929, -0.550000011920929),
		["RightHandOffset"]=Vector3.new(-0.25, -0.5, 0.25),
		["LeftHandRoll"]=0,
		["RightHandRoll"]=0},
	["Reloading"]={["Rotation"]=Vector3.new(0, 0, 0),
		["Position"]=Vector3.new(0, 0, 0),
		["LeftHandOffset"]=Vector3.new(0, 0, 0),
		["RightHandOffset"]=Vector3.new(0, 0, 0),
		["LeftHandRoll"]=0,
		["RightHandRoll"]=0},
	["Idle"]={["Rotation"]=Vector3.new(0, 0, 0),
		["Position"]=Vector3.new(0.6499999761581421, -0.5, -1.75),
		["LeftHandOffset"]=Vector3.new(0.30000001192092896, -0.550000011920929, -0.10000000149011612),
		["RightHandOffset"]=Vector3.new(-0.4000000059604645, -0.3499999940395355, 0.550000011920929),
		["LeftHandRoll"]=0,
		["RightHandRoll"]=0}},
	["ThirdPersonCrouchPoseData"]={["Running"]={["Rotation"]=Vector3.new(-0.34906598925590515, 1.2217299938201904, 0.34906598925590515),
		["Position"]=Vector3.new(-0.6499999761581421, 0.05000000074505806, -1.350000023841858),
		["LeftHandOffset"]=Vector3.new(-0.25, -0.5, -0.3499999940395355),
		["RightHandOffset"]=Vector3.new(-0.15000000596046448, -0.44999998807907104, 0.25),
		["LeftHandRoll"]=0.174533,
		["RightHandRoll"]=0.523599},
	["AtEase"]={["Rotation"]=Vector3.new(-0.34906598925590515, 1.2217299938201904, 0.34906598925590515),
		["Position"]=Vector3.new(-0.6499999761581421, 0.05000000074505806, -1.350000023841858),
		["LeftHandOffset"]=Vector3.new(-0.25, -0.5, -0.3499999940395355),
		["RightHandOffset"]=Vector3.new(-0.15000000596046448, -0.44999998807907104, 0.25),
		["LeftHandRoll"]=0.174533,
		["RightHandRoll"]=0.523599},
	["Aiming"]={["Rotation"]=Vector3.new(0, 0, 0),
		["Position"]=Vector3.new(0.800000011920929, 0.8500000238418579, -2),
		["LeftHandOffset"]=Vector3.new(-0.10000000149011612, -0.550000011920929, 0.15000000596046448),
		["RightHandOffset"]=Vector3.new(0, -0.4000000059604645, 0.25),
		["LeftHandRoll"]=-0.349066,
		["RightHandRoll"]=0},
	["Reloading"]={["Rotation"]=Vector3.new(0, 0, 0),
		["Position"]=Vector3.new(0, 0, 0),
		["LeftHandOffset"]=Vector3.new(0, 0, 0),
		["RightHandOffset"]=Vector3.new(0, 0, 0),
		["LeftHandRoll"]=0,
		["RightHandRoll"]=0},
	["Idle"]={["Rotation"]=Vector3.new(0, 0, 0),
		["Position"]=Vector3.new(1, 0.25, -1.649999976158142),
		["LeftHandOffset"]=Vector3.new(-0.10000000149011612, -0.550000011920929, 0.15000000596046448),
		["RightHandOffset"]=Vector3.new(0, -0.4000000059604645, 0.25),
		["LeftHandRoll"]=-0.349066,
		["RightHandRoll"]=0}}},
	["InventoryDropSound"]="Weapon 01 Drop",
	["CanSlotAsUtility"]=false,
	["FireConfig"]={["FlinchForce"]=22.5,
		["BurstCount"]=3,
		["CanOneInTheChamber"]=false,
		["FireRate"]=60,
		["PelletCount"]=1,
		["DamageFallOff"]={["LowestAt"]=480,
			["StartsAt"]=240,
			["FinalMod"]=0.32},
		["InternalMag"]=true,
		["MuzzleVelocity"]=1960,
		["Damage"]=25,
		["InternalMagSize"]=5},
	["DefaultFireMode"]="Semiautomatic",
	["Type"]="Firearm",
	["ReloadData"]={["Default"]={["FirstPerson"]={{["Poses"]={["LeftUpperArm"]=CFrame.new(1.10599899, -0.307678014, -1.34245706, 0.74346298, -0.666850984, 0.050712999, -0.050712999, -0.131824002, -0.989974976, 0.666850984, 0.733438015, -0.131824002),
		["RightLowerArm"]=CFrame.new(0, -0, 0, 1, 0, 0, 0, -0.81318903, -0.581999004, 0, 0.581999004, -0.81318903),
		["LowerTorso"]=CFrame.new(0, 0, 0, 1, 0, 0, 0, 1, 0, 0, 0, 1),
		["LeftHand"]=CFrame.new(0, 0, 0, 1, 0, 0, 0, 1, 0, 0, 0, 1),
		["LeftLowerArm"]=CFrame.new(0, 0, 0, 1, 0, 0, 0, 1, 0, 0, 0, 1),
		["RightHand"]=CFrame.new(0, 0, 0, 1, 0, 0, 0, 1, 0, 0, 0, 1),
		["Base"]=CFrame.new(0.512847006, -0.886475027, 1.11982596, 0.800916016, 0.267625004, -0.535641015, 0.382991999, -0.916603029, 0.114701003, -0.460272998, -0.297010988, -0.836619973),
		["RightUpperArm"]=CFrame.new(0.115019999, -0.549043, 0.000441000011, 0.801105976, -0.0438960008, 0.596911013, 0.26752001, 0.918402016, -0.291496009, -0.535408974, 0.393204987, 0.747479975)},
	["Time"]=0,
	["Events"]={}},{["Poses"]={["LeftUpperArm"]=CFrame.new(0.025835, -0.165096998, -0.120001003, 0.593509018, -0.0272039995, -0.804368019, -0.691914022, 0.493252993, -0.527216017, 0.411098987, 0.869461, 0.273927003),
		["LeftLowerArm"]=CFrame.new(0, 0, 0, 1, 0, 0, 0, 0.304529011, -0.952503026, 0, 0.952503026, 0.304529011)},
	["Time"]=0.1,
	["Events"]={}},{["Poses"]={["LeftUpperArm"]=CFrame.new(0.278540999, -0.293592989, -0.372707993, -0.0833199993, -0.322946012, -0.942743003, -0.990858018, 0.127574995, 0.0438699983, 0.106103003, 0.937780023, -0.330623001),
		["RightLowerArm"]=CFrame.new(0, -0, 0, 1, 0, 0, 0, 0.237666994, -0.971346974, 0, 0.971346974, 0.237666994),
		["RightUpperArm"]=CFrame.new(9.99999997e-07, -0, -9.99999997e-07, 0.841669977, 0.0636010021, 0.536234021, -0.0659229979, 0.997713983, -0.014862, -0.535952985, -0.0228419993, 0.843939006),
		["LeftHand"]=CFrame.new(-0, -0, -0, 0.885423005, -0.447138011, 0.126859993, 0.464785993, 0.851804018, -0.241669998, 0, 0.27294299, 0.962029994),
		["RightHand"]=CFrame.new(-9.99999997e-07, 0, 9.99999997e-07, 0.744828999, 0.38696301, 0.543588996, -0.141292006, 0.887656987, -0.438293993, -0.652125001, 0.249649003, 0.715826988),
		["Base"]=CFrame.new(0.00306900009, -1.06579399, -0.369100988, 0.995366991, -0.0790460035, 0.0547400005, -0.0593569987, -0.0572789982, 0.996591985, -0.0756409988, -0.995223999, -0.0617050007),
		["LeftLowerArm"]=CFrame.new(0, 0, -0, 1, 0, 0, 0, 0.0663269982, -0.997798026, 0, 0.997798026, 0.0663269982)},
	["Time"]=0.2,
	["Events"]={{["Name"]="Play Sound",
		["Value"]="Mosin Bolt Pull"}}},{["Poses"]={["LeftUpperArm"]=CFrame.new(0.278542012, -0.293592989, -0.372709006, -0.0965629965, -0.321126014, -0.942101002, -0.988146007, 0.144422993, 0.0520539992, 0.119345002, 0.935958982, -0.331265002),
		["RightLowerArm"]=CFrame.new(0, -0, 0, 1, 0, 0, 0, 0.237666994, -0.971346974, 0, 0.971346974, 0.237666994),
		["RightUpperArm"]=CFrame.new(9.99999997e-07, -0, -9.99999997e-07, 0.841669977, 0.0636010021, 0.536234021, -0.0659229979, 0.997713983, -0.014862, -0.535952985, -0.0228419993, 0.843939006),
		["LeftHand"]=CFrame.new(-0, -0, -0, 0.885423005, -0.447138011, 0.126859993, 0.464785993, 0.851804018, -0.241669998, 0, 0.27294299, 0.962029994),
		["LeftLowerArm"]=CFrame.new(0, 0, -0, 1, 0, 0, 0, 0.0663269982, -0.997798026, 0, 0.997798026, 0.0663269982),
		["RightHand"]=CFrame.new(-9.99999997e-07, 0, 9.99999997e-07, 0.744828999, 0.38696301, 0.543588996, -0.141292006, 0.887656987, -0.438293993, -0.652125001, 0.249649003, 0.715826988),
		["Charging Handle"]=CFrame.new(-0.000125000006, 0, 0, 1, 0, 0, 0, 1, 0, 0, 0, 1),
		["Action"]=CFrame.new(0, 0, 0, 1, 0, 0, 0, 1, 0, 0, 0, 1)},
	["Time"]=0.3,
	["Events"]={}},{["Poses"]={["LeftUpperArm"]=CFrame.new(0.278542995, -0.293592006, -0.372709006, -0.0144170001, -0.328743011, -0.944308996, -0.99920398, 0.0398720019, 0.00137399998, 0.0372000001, 0.943576992, -0.329057008),
		["RightLowerArm"]=CFrame.new(0, -0, 0, 1, 0, 0, 0, 0.237666994, -0.971346974, 0, 0.971346974, 0.237666994),
		["RightUpperArm"]=CFrame.new(0, 9.99999997e-07, -1.99999999e-06, 0.841233015, 0.0701119974, 0.536107004, -0.0679159984, 0.997404993, -0.0238700006, -0.536390007, -0.01633, 0.843811989),
		["LeftHand"]=CFrame.new(-0, -0, -0, 0.885423005, -0.447138011, 0.126859993, 0.464785993, 0.851804018, -0.241669998, 0, 0.27294299, 0.962029994),
		["LeftLowerArm"]=CFrame.new(0, 0, -0, 1, 0, 0, 0, 0.0663269982, -0.997798026, 0, 0.997798026, 0.0663269982),
		["RightHand"]=CFrame.new(-9.99999997e-07, 0, 9.99999997e-07, 0.744828999, 0.38696301, 0.543588996, -0.141292006, 0.887656987, -0.438293993, -0.652125001, 0.249649003, 0.715826988),
		["Charging Handle"]=CFrame.new(-0.000125000006, 0.00233999989, 0.0199790001, 1, 0, 0, 0, 0.116345003, -0.993209004, 0, 0.993209004, 0.116345003),
		["Action"]=CFrame.new(0, 0, 0, 1, 0, 0, 0, 1, 0, 0, 0, 1)},
	["Time"]=0.4,
	["Events"]={}},{["Poses"]={["LeftUpperArm"]=CFrame.new(0.278542995, -0.293592006, -0.372709006, -0.0144170001, -0.328743011, -0.944308996, -0.99920398, 0.0398720019, 0.00137399998, 0.0372000001, 0.943576992, -0.329057008),
		["RightLowerArm"]=CFrame.new(0, -0, 0, 1, 0, 0, 0, 0.227087006, -0.973874986, 0, 0.973874986, 0.227087006),
		["RightUpperArm"]=CFrame.new(9.99999997e-07, 0, -1.99999999e-06, 0.842024982, 0.0581500009, 0.536294997, -0.0642509982, 0.997906983, -0.00732199987, -0.53559798, -0.0282920003, 0.843999028),
		["Charging Handle"]=CFrame.new(-0.000125000006, 0.00233999989, 0.0199790001, 1, 0, 0, 0, 0.116345003, -0.993209004, 0, 0.993209004, 0.116345003),
		["Action"]=CFrame.new(0, 0, 0, 1, 0, 0, 0, 1, 0, 0, 0, 1)},
	["Time"]=0.5,
	["Events"]={}},{["Poses"]={["LeftUpperArm"]=CFrame.new(0.278544009, -0.293592989, -0.372707993, 0.0109700002, -0.475279003, -0.879767001, -0.999870002, 0.00517999986, -0.0152660003, 0.0118129998, 0.879819989, -0.475160986),
		["RightLowerArm"]=CFrame.new(0, -9.99999997e-07, 0, 1, 0, 0, 0, 0.319673985, -0.947526991, 0, 0.947526991, 0.319673985),
		["RightUpperArm"]=CFrame.new(9.99999997e-07, 9.99999997e-07, -1.99999999e-06, 0.833863974, 0.159834996, 0.528321028, -0.0948510021, 0.984412014, -0.148111999, -0.543758988, 0.0733930022, 0.836026013),
		["LeftLowerArm"]=CFrame.new(0, 0, 0, 1, 0, 0, 0, 0.136966005, -0.990576029, 0, 0.990576029, 0.136966005),
		["RightHand"]=CFrame.new(-1.99999999e-06, 9.99999997e-07, 0, 0.739251018, 0.382999003, 0.553912997, -0.170912996, 0.902297974, -0.395785987, -0.651380002, 0.197915003, 0.732484996),
		["Charging Handle"]=CFrame.new(0.29361701, 0.00233999989, 0.0199790001, 1, 0, 0, 0, 0.116345003, -0.993209004, 0, 0.993209004, 0.116345003),
		["Action"]=CFrame.new(0.26344201, 0, 0, 1, 0, 0, 0, 1, 0, 0, 0, 1)},
	["Time"]=0.6,
	["Events"]={}},{["Poses"]={["LeftUpperArm"]=CFrame.new(0.278542995, -0.293592989, -0.372707009, 0.00432199985, -0.520379007, -0.85392499, -0.999819994, 0.0135150002, -0.013297, 0.0184610002, 0.853829026, -0.520227015),
		["RightLowerArm"]=CFrame.new(0, -0, 0, 1, 0, 0, 0, 0.295037001, -0.955486, 0, 0.955486, 0.295037001),
		["RightUpperArm"]=CFrame.new(-9.99999997e-07, -0, -1.99999999e-06, 0.832876027, 0.169920996, 0.526730001, -0.0978169963, 0.98191601, -0.162092, -0.544746995, 0.0834790021, 0.834434986),
		["RightHand"]=CFrame.new(-6.00000021e-06, 9.99999997e-07, 9.99999997e-07, 0.734930992, 0.379687995, 0.561884999, -0.194126993, 0.91168201, -0.362147003, -0.649762988, 0.157076001, 0.743731022),
		["LeftHand"]=CFrame.new(-0, -0, -0, 0.885423005, -0.447138011, 0.126859993, 0.464785993, 0.851804018, -0.241669998, 0, 0.27294299, 0.962029994),
		["LeftLowerArm"]=CFrame.new(0, -0, -0, 1, 0, 0, 0, 0.060943, -0.998140991, 0, 0.998140991, 0.060943)},
	["Time"]=0.7,
	["Events"]={}},{["Poses"]={["LeftUpperArm"]=CFrame.new(-0.076210998, -0.145787999, 0.215676993, 0.252710998, 0.588986993, -0.767614007, -0.59216398, 0.721574008, 0.358711004, 0.765165985, 0.363902986, 0.531126022)},
	["Time"]=0.8,
	["Events"]={}},{["Poses"]={["LeftUpperArm"]=CFrame.new(0.191847995, 0.00201499998, 0.181250006, 0.687547028, 0.136590004, -0.713177979, 0.0988880023, 0.955386996, 0.278311998, 0.719375014, -0.261877, 0.643365979),
		["RightLowerArm"]=CFrame.new(0, -0, 0, 1, 0, 0, 0, 0.137521997, -0.99049902, 0, 0.99049902, 0.137521997),
		["RightUpperArm"]=CFrame.new(-1.99999999e-06, 0, -9.99999997e-07, 0.847541988, -0.0628940016, 0.526988029, -0.0262010004, 0.986783981, 0.159906998, -0.530080974, -0.149335995, 0.834693015),
		["RightHand"]=CFrame.new(-7.0000001e-06, 9.99999997e-07, 9.99999997e-07, 0.939059019, 0.323128015, 0.117285997, -0.319166005, 0.946291029, -0.0516429991, -0.127673998, 0.0110630002, 0.991755009),
		["LeftHand"]=CFrame.new(0, 0, 0, 1, 0, 0, 0, 1, 0, 0, 0, 1),
		["LeftLowerArm"]=CFrame.new(0, -0, -0, 1, 0, 0, 0, 0.89567697, -0.444705009, 0, 0.444705009, 0.89567697)},
	["Time"]=0.9,
	["Events"]={}},{["Poses"]={["LeftUpperArm"]=CFrame.new(0.191846997, -0.0156490002, 0.181251004, 0.687547028, 0.100463003, -0.719156981, 0.0988880023, 0.968201995, 0.229793996, 0.719375014, -0.229110003, 0.655749977),
		["LeftLowerArm"]=CFrame.new(0, 0, -0, 1, 0, 0, 0, 0.923162997, -0.38440901, 0, 0.38440901, 0.923162997)},
	["Time"]=1,
	["Events"]={}},{["Poses"]={["LeftUpperArm"]=CFrame.new(0.191847995, -0.0204600003, 0.181250006, 0.687547028, 0.0933530033, -0.720113993, 0.0988880023, 0.97042501, 0.220218003, 0.719375014, -0.222619995, 0.657980978),
		["RightLowerArm"]=CFrame.new(0, -0, 0, 1, 0, 0, 0, 0.0669389963, -0.997757018, 0, 0.997757018, 0.0669389963),
		["RightUpperArm"]=CFrame.new(-1.99999999e-06, 9.99999997e-07, -1.99999999e-06, 0.861519992, -0.0709180012, 0.502746999, -0.0218560006, 0.984098971, 0.176269993, -0.507254004, -0.162847996, 0.846270978),
		["RightHand"]=CFrame.new(-6.00000021e-06, 9.99999997e-07, 9.99999997e-07, 0.945630014, 0.323812991, -0.0304770004, -0.320190012, 0.943296015, 0.0875850022, 0.0571100004, -0.0730649978, 0.995691001),
		["LeftLowerArm"]=CFrame.new(0, 0, -0, 1, 0, 0, 0, 0.928008974, -0.372559011, 0, 0.372559011, 0.928008974)},
	["Time"]=1.1,
	["Events"]={}},{["Poses"]={["LeftUpperArm"]=CFrame.new(0.191848993, 0.0183310006, 0.181248993, 0.687547028, 0.113906004, -0.717150986, 0.0988880023, 0.963732004, 0.247877002, 0.719375014, -0.241344005, 0.651346028),
		["RightHand"]=CFrame.new(-4.99999987e-06, 0, 9.99999997e-07, 0.905611992, 0.373457998, 0.200985998, -0.383783996, 0.923322022, 0.0136230001, -0.180487007, -0.0894720033, 0.979498982),
		["LeftLowerArm"]=CFrame.new(0, -0, -0, 1, 0, 0, 0, 0.901006997, -0.433804989, 0, 0.433804989, 0.901006997)},
	["Time"]=1.2,
	["Events"]={}},{["Poses"]={["LeftUpperArm"]=CFrame.new(0.0472249985, -0.00171700004, -0.0296480004, 0.272107989, 0.228226006, -0.934809983, -0.383192986, 0.916817009, 0.112291001, 0.882677972, 0.327657998, 0.33692801),
		["LeftLowerArm"]=CFrame.new(0, 0, 0, 1, 0, 0, 0, 0.287368, -0.957819998, 0, 0.957819998, 0.287368),
		["LeftHand"]=CFrame.new(0, 0, 0, 0.966462016, -0.204545006, 0.155285001, 0.210750997, 0.977234006, -0.0244340003, -0.146752, 0.0563409999, 0.987568021)},
	["Time"]=1.3,
	["Events"]={}},{["Poses"]={["LeftUpperArm"]=CFrame.new(-0.0974019989, -0.201795995, -0.240544006, -0.164043993, -0.246565998, -0.955141008, -0.793501019, 0.608214974, -0.0207260009, 0.586041987, 0.754505992, -0.295424014),
		["RightLowerArm"]=CFrame.new(0, -9.99999997e-07, 0, 1, 0, 0, 0, 0.109017998, -0.994040012, 0, 0.994040012, 0.109017998),
		["RightUpperArm"]=CFrame.new(-1.99999999e-06, 9.99999997e-07, -1.99999999e-06, 0.861519992, 0.0528040007, 0.504971027, -0.0218560006, 0.997511983, -0.067019999, -0.507254004, 0.0467020012, 0.860530019),
		["RightHand"]=CFrame.new(-6.00000021e-06, 9.99999997e-07, 9.99999997e-07, 0.26702401, 0.369935989, 0.889856994, -0.302533001, 0.908882976, -0.287063003, -0.914970994, -0.192558005, 0.354611009),
		["LeftHand"]=CFrame.new(-0, 0, 0, 0.948962986, -0.310149014, -0.0572470017, 0.241760999, 0.598783016, 0.763550997, -0.202536002, -0.738421977, 0.643204987),
		["LeftLowerArm"]=CFrame.new(0, -0, -0, 1, 0, 0, 0, 0.327870011, -0.94472301, 0, 0.94472301, 0.327870011)},
	["Time"]=1.4,
	["Events"]={{["Name"]="Loop",
		["Value"]="Start"},{["Name"]="Play Sound",
		["Value"]="Mosin Bullet Insert"}}},{["Poses"]={["LeftUpperArm"]=CFrame.new(-0.0974019989, -0.201795995, -0.240542993, -0.173831999, -0.238941997, -0.955348015, -0.784071982, 0.620543003, -0.0125369998, 0.595830023, 0.746882021, -0.295217991),
		["RightLowerArm"]=CFrame.new(0, 0, 0, 1, 0, 0, 0, 0.128162995, -0.991752982, 0, 0.991752982, 0.128162995),
		["RightUpperArm"]=CFrame.new(-1.99999999e-06, 9.99999997e-07, -9.99999997e-07, 0.861944973, 0.0620200001, 0.503193974, -0.013266, 0.994908988, -0.0998999998, -0.50682801, 0.0794320032, 0.85838002),
		["RightHand"]=CFrame.new(-3.99999999e-06, 0, 9.99999997e-07, 0.255311996, 0.366084993, 0.894873023, -0.348809004, 0.898091972, -0.267885, -0.901746988, -0.243745998, 0.356988013),
		["LeftHand"]=CFrame.new(-0, 0, 0, 0.886246979, -0.446375012, -0.123760998, 0.335494995, 0.434332013, 0.83594197, -0.319389999, -0.782371998, 0.534681022)},
	["Time"]=1.5,
	["Events"]={}},{["Poses"]={["LeftUpperArm"]=CFrame.new(-0.0974019989, -0.201795995, -0.240544006, -0.181840003, -0.232519999, -0.955442011, -0.776089013, 0.630596995, -0.00575899985, 0.603837013, 0.740460992, -0.295123994),
		["RightLowerArm"]=CFrame.new(0, -9.99999997e-07, 0, 1, 0, 0, 0, 0.140190005, -0.990125, 0, 0.990125, 0.140190005),
		["RightUpperArm"]=CFrame.new(-1.99999999e-06, 9.99999997e-07, -0, 0.861768007, 0.0734929964, 0.501950979, -0.0173630007, 0.993143976, -0.115601003, -0.507004976, 0.0909060016, 0.857136011),
		["RightHand"]=CFrame.new(-4.99999987e-06, 9.99999997e-07, 1.99999999e-06, 0.250355005, 0.364154994, 0.89705801, -0.368566006, 0.892646015, -0.259503007, -0.895255029, -0.265657008, 0.357694),
		["LeftHand"]=CFrame.new(-0, 0, 0, 0.872775018, -0.466904998, -0.142350003, 0.348087996, 0.390891999, 0.852078974, -0.342197001, -0.793223023, 0.503684998)},
	["Time"]=1.6,
	["Events"]={}},{["Poses"]={["LeftUpperArm"]=CFrame.new(-0.0974019989, -0.201795995, -0.240544006, -0.164043993, -0.246565998, -0.955141008, -0.793501019, 0.608214974, -0.0207260009, 0.586041987, 0.754505992, -0.295424014),
		["RightLowerArm"]=CFrame.new(0, -9.99999997e-07, 0, 1, 0, 0, 0, 0.109017998, -0.994040012, 0, 0.994040012, 0.109017998),
		["RightUpperArm"]=CFrame.new(-1.99999999e-06, 9.99999997e-07, -1.99999999e-06, 0.861519992, 0.0528040007, 0.504971027, -0.0218560006, 0.997511983, -0.067019999, -0.507254004, 0.0467020012, 0.860530019),
		["RightHand"]=CFrame.new(-6.00000021e-06, 9.99999997e-07, 9.99999997e-07, 0.26702401, 0.369935989, 0.889856994, -0.302533001, 0.908882976, -0.287063003, -0.914970994, -0.192558005, 0.354611009),
		["LeftHand"]=CFrame.new(-0, 0, 0, 0.948962986, -0.310149014, -0.0572470017, 0.241760999, 0.598783016, 0.763550997, -0.202536002, -0.738421977, 0.643204987),
		["LeftLowerArm"]=CFrame.new(0, -0, -0, 1, 0, 0, 0, 0.327870011, -0.94472301, 0, 0.94472301, 0.327870011)},
	["Time"]=1.7,
	["Events"]={{["Name"]="Commit",
		["Value"]="Load"},{["Name"]="Loop",
		["Value"]="End"}}},{["Poses"]={["LeftUpperArm"]=CFrame.new(0.0905719995, -0.190078005, -0.306627005, 0.0261819996, -0.429509997, -0.902682006, -0.979460001, 0.169576004, -0.109095998, 0.199930996, 0.886997998, -0.416247994)},
	["Time"]=1.85,
	["Events"]={}},{["Poses"]={["LeftUpperArm"]=CFrame.new(0.278544992, -0.293594003, -0.372709006, -0.103758, -0.510827005, -0.853398979, -0.986519992, 0.162022993, 0.0229599997, 0.126541004, 0.844277024, -0.520752013),
		["RightLowerArm"]=CFrame.new(0, -0, 0, 1, 0, 0, 0, 0.295037001, -0.955486, 0, 0.955486, 0.295037001),
		["RightUpperArm"]=CFrame.new(-9.99999997e-07, -0, -1.99999999e-06, 0.832876027, 0.169920996, 0.526730001, -0.0978169963, 0.98191601, -0.162092, -0.544746995, 0.0834790021, 0.834434986),
		["LeftHand"]=CFrame.new(-0, -0, -0, 0.885423005, -0.447138011, 0.126859993, 0.464785993, 0.851804018, -0.241669998, 0, 0.27294299, 0.962029994),
		["LeftLowerArm"]=CFrame.new(0, -0, -0, 1, 0, 0, 0, 0.060943, -0.998140991, 0, 0.998140991, 0.060943),
		["RightHand"]=CFrame.new(-6.00000021e-06, 9.99999997e-07, 9.99999997e-07, 0.734930992, 0.379687995, 0.561884999, -0.194126993, 0.91168201, -0.362147003, -0.649762988, 0.157076001, 0.743731022),
		["Charging Handle"]=CFrame.new(0.29361701, 0.00233999989, 0.0199790001, 1, 0, 0, 0, 0.116345003, -0.993209004, 0, 0.993209004, 0.116345003),
		["Action"]=CFrame.new(0.26344201, 0, 0, 1, 0, 0, 0, 1, 0, 0, 0, 1)},
	["Time"]=2,
	["Events"]={{["Name"]="Play Sound",
		["Value"]="Mosin Bolt Close"}}},{["Poses"]={["LeftUpperArm"]=CFrame.new(0.278544992, -0.293594003, -0.37270999, -0.103758, -0.465703994, -0.878836989, -0.986519992, 0.160606995, 0.0313640013, 0.126541004, 0.870244026, -0.476090014),
		["RightLowerArm"]=CFrame.new(0, -9.99999997e-07, 0, 1, 0, 0, 0, 0.319673985, -0.947526991, 0, 0.947526991, 0.319673985),
		["RightUpperArm"]=CFrame.new(9.99999997e-07, 9.99999997e-07, -1.99999999e-06, 0.833863974, 0.159834996, 0.528321028, -0.0948510021, 0.984412014, -0.148111999, -0.543758988, 0.0733930022, 0.836026013),
		["RightHand"]=CFrame.new(-1.99999999e-06, 9.99999997e-07, 0, 0.739251018, 0.382999003, 0.553912997, -0.170912996, 0.902297974, -0.395785987, -0.651380002, 0.197915003, 0.732484996),
		["LeftLowerArm"]=CFrame.new(0, 0, 0, 1, 0, 0, 0, 0.136966005, -0.990576029, 0, 0.990576029, 0.136966005)},
	["Time"]=2.1,
	["Events"]={}},{["Poses"]={["LeftUpperArm"]=CFrame.new(0.278542012, -0.293592006, -0.372707993, -0.103758, -0.320039988, -0.941704988, -0.986519992, 0.153577, 0.0565030016, 0.126541004, 0.934873998, -0.331660986),
		["RightLowerArm"]=CFrame.new(0, -0, 0, 1, 0, 0, 0, 0.227087006, -0.973874986, 0, 0.973874986, 0.227087006),
		["RightUpperArm"]=CFrame.new(9.99999997e-07, 0, -1.99999999e-06, 0.842024982, 0.0581500009, 0.536294997, -0.0642509982, 0.997906983, -0.00732199987, -0.53559798, -0.0282920003, 0.843999028),
		["Charging Handle"]=CFrame.new(-0.000125000006, 0.00233999989, 0.0199790001, 1, 0, 0, 0, 0.116345003, -0.993209004, 0, 0.993209004, 0.116345003),
		["Action"]=CFrame.new(0, 0, 0, 1, 0, 0, 0, 1, 0, 0, 0, 1)},
	["Time"]=2.2,
	["Events"]={}},{["Poses"]={["LeftUpperArm"]=CFrame.new(0.278542012, -0.293592989, -0.372709006, -0.0965629965, -0.321126014, -0.942101002, -0.988146007, 0.144422993, 0.0520539992, 0.119345002, 0.935958982, -0.331265002),
		["LeftLowerArm"]=CFrame.new(0, 0, 0, 1, 0, 0, 0, 0.0931809992, -0.99564898, 0, 0.99564898, 0.0931809992),
		["Action"]=CFrame.new(0, 0, 0, 1, 0, 0, 0, 1, 0, 0, 0, 1),
		["Charging Handle"]=CFrame.new(-0.000125000006, 0.00233999989, 0.0199790001, 1, 0, 0, 0, 0.116345003, -0.993209004, 0, 0.993209004, 0.116345003),
		["LeftHand"]=CFrame.new(-0, -0, -0, 0.885423005, -0.447138011, 0.126859993, 0.464785993, 0.851804018, -0.241669998, 0, 0.27294299, 0.962029994)},
	["Time"]=2.3,
	["Events"]={}},{["Poses"]={["LeftUpperArm"]=CFrame.new(0.278542012, -0.293592989, -0.37270999, -0.137132004, -0.311340988, -0.940352023, -0.977550983, 0.195843995, 0.077715002, 0.159967005, 0.929898977, -0.331207991),
		["LeftLowerArm"]=CFrame.new(0, -0, 0, 1, 0, 0, 0, 0.0826520026, -0.996577978, 0, 0.996577978, 0.0826520026),
		["Charging Handle"]=CFrame.new(-0.000125000006, 0, 0, 1, 0, 0, 0, 1, 0, 0, 0, 1),
		["Action"]=CFrame.new(0, 0, 0, 1, 0, 0, 0, 1, 0, 0, 0, 1)},
	["Time"]=2.4,
	["Events"]={}},{["Poses"]={["LeftUpperArm"]=CFrame.new(0.278542012, -0.293592006, -0.372707993, -0.149465993, -0.308766007, -0.939320982, -0.973639011, 0.211502999, 0.0854030028, 0.172299996, 0.927323997, -0.332239002),
		["RightLowerArm"]=CFrame.new(0, -0, 0, 1, 0, 0, 0, 0.237666994, -0.971346974, 0, 0.971346974, 0.237666994),
		["RightUpperArm"]=CFrame.new(9.99999997e-07, -0, -9.99999997e-07, 0.841669977, 0.0636010021, 0.536234021, -0.0659229979, 0.997713983, -0.014862, -0.535952985, -0.0228419993, 0.843939006),
		["RightHand"]=CFrame.new(-9.99999997e-07, 0, 9.99999997e-07, 0.744828999, 0.38696301, 0.543588996, -0.141292006, 0.887656987, -0.438293993, -0.652125001, 0.249649003, 0.715826988),
		["Base"]=CFrame.new(0.00306900009, -1.06579399, -0.369100988, 0.995366991, -0.0790460035, 0.0547400005, -0.0593569987, -0.0572789982, 0.996591985, -0.0756409988, -0.995223999, -0.0617050007),
		["LeftLowerArm"]=CFrame.new(0, -0, 0, 1, 0, 0, 0, 0.0826520026, -0.996577978, 0, 0.996577978, 0.0826520026)},
	["Time"]=2.5,
	["Events"]={}},{["Poses"]={["LeftUpperArm"]=CFrame.new(-0.0464630015, -0.165096998, -0.047704, 0.600296021, 0.00750700012, -0.799742997, -0.691595972, 0.507079005, -0.514360011, 0.401672006, 0.861867011, 0.309588999),
		["LeftLowerArm"]=CFrame.new(0, 0, 0, 1, 0, 0, 0, 0.382165998, -0.924094021, 0, 0.924094021, 0.382165998)},
	["Time"]=2.6,
	["Events"]={}},{["Poses"]={["LeftUpperArm"]=CFrame.new(1.10599899, -0.307678014, -1.34245706, 0.74346298, -0.666850984, 0.050712999, -0.050712999, -0.131824002, -0.989974976, 0.666850984, 0.733438015, -0.131824002),
		["RightLowerArm"]=CFrame.new(0, -0, 0, 1, 0, 0, 0, -0.81318903, -0.581999004, 0, 0.581999004, -0.81318903),
		["LowerTorso"]=CFrame.new(0, 0, 0, 1, 0, 0, 0, 1, 0, 0, 0, 1),
		["LeftHand"]=CFrame.new(0, 0, 0, 1, 0, 0, 0, 1, 0, 0, 0, 1),
		["LeftLowerArm"]=CFrame.new(0, 0, 0, 1, 0, 0, 0, 1, 0, 0, 0, 1),
		["RightHand"]=CFrame.new(0, 0, 0, 1, 0, 0, 0, 1, 0, 0, 0, 1),
		["Base"]=CFrame.new(0.512847006, -0.886475027, 1.11982596, 0.800916016, 0.267625004, -0.535641015, 0.382991999, -0.916603029, 0.114701003, -0.460272998, -0.297010988, -0.836619973),
		["RightUpperArm"]=CFrame.new(0.115019999, -0.549043, 0.000441000011, 0.801105976, -0.0438960008, 0.596911013, 0.26752001, 0.918402016, -0.291496009, -0.535408974, 0.393204987, 0.747479975)},
	["Time"]=2.7,
	["Events"]={{["Name"]="Commit",
		["Value"]="End"}}}},
	["ThirdPerson"]={{["Poses"]={["LeftLowerArm"]=CFrame.new(0, 0, 0, 1, 0, 0, 0, 1, 0, 0, 0, 1),
		["LowerTorso"]=CFrame.new(0, 0, 0, 0.707107008, 0, -0.707107008, 0, 1, 0, 0.707107008, 0, 0.707107008),
		["Head"]=CFrame.new(0, 0, 0, 0.707107008, 0, 0.707107008, 0, 1, 0, -0.707107008, 0, 0.707107008),
		["RightHand"]=CFrame.new(0, 0, 0, 1, 0, 0, 0, 1, 0, 0, 0, 1),
		["LeftUpperArm"]=CFrame.new(0.106233001, -0.0366000012, -0.200399995, 0.885803998, -0.462388009, -0.0393440016, 0.0393440016, 0.159305006, -0.98644501, 0.462388009, 0.872249007, 0.159305006),
		["RightLowerArm"]=CFrame.new(0, 0, 0, 1, 0, 0, 0, 0.526055992, -0.850449979, 0, 0.850449979, 0.526055992),
		["LeftHand"]=CFrame.new(0, 0, 0, 1, 0, 0, 0, 1, 0, 0, 0, 1),
		["Action"]=CFrame.new(0, 0, 0, 1, 0, 0, 0, 1, 0, 0, 0, 1),
		["Charging Handle"]=CFrame.new(0, 0, 0, 1, 0, 0, 0, 1, 0, 0, 0, 1),
		["Base"]=CFrame.new(-0.0715790018, -0.946941972, -0.418844998, 0.996246994, -0.0659229979, -0.0560830012, 0.0448979996, -0.160336003, 0.986041009, -0.0739950016, -0.98485899, -0.156774998),
		["RightUpperArm"]=CFrame.new(-0, 0, 0, 0.664797008, 0.522261977, 0.534123003, -0.0659229979, 0.753226995, -0.654448986, -0.744109988, 0.399863988, 0.535171986)},
	["Time"]=0,
	["Events"]={}},{["Poses"]={["LeftUpperArm"]=CFrame.new(0.025835, -0.165096998, -0.120001003, 0.593509018, -0.0272039995, -0.804368019, -0.691914022, 0.493252993, -0.527216017, 0.411098987, 0.869461, 0.273927003),
		["LeftLowerArm"]=CFrame.new(0, 0, 0, 1, 0, 0, 0, 0.304529011, -0.952503026, 0, 0.952503026, 0.304529011)},
	["Time"]=0.1,
	["Events"]={}},{["Poses"]={["LeftUpperArm"]=CFrame.new(0.278542012, -0.293592989, -0.372707993, -0.0833199993, -0.322946012, -0.942743003, -0.990858018, 0.127574995, 0.0438699983, 0.106103003, 0.937780023, -0.330623001),
		["RightLowerArm"]=CFrame.new(0, -0, -0, 1, 0, 0, 0, 0.237666994, -0.971346974, 0, 0.971346974, 0.237666994),
		["RightUpperArm"]=CFrame.new(9.99999997e-07, -0, -9.99999997e-07, 0.841669977, 0.0636010021, 0.536234021, -0.0659229979, 0.997713983, -0.014862, -0.535952985, -0.0228419993, 0.843939006),
		["Head"]=CFrame.new(-0, -0, -0, 0.842428982, -0.0149720004, 0.538599014, -0.0578249991, 0.991328001, 0.118000999, -0.535695016, -0.130551994, 0.83425802),
		["LeftHand"]=CFrame.new(0, -0, -0, 0.885423005, -0.447138011, 0.126859993, 0.464785993, 0.851804018, -0.241669998, 0, 0.27294299, 0.962029994),
		["RightHand"]=CFrame.new(-9.99999997e-07, 0, 9.99999997e-07, 0.744828999, 0.38696301, 0.543588996, -0.141292006, 0.887656987, -0.438293993, -0.652125001, 0.249649003, 0.715826988),
		["Base"]=CFrame.new(-0.0715790018, -0.946941972, -0.418844998, 0.99644798, -0.0654570013, -0.052974999, 0.0415760018, -0.164655, 0.985475004, -0.073229, -0.984176993, -0.161348999),
		["LeftLowerArm"]=CFrame.new(0, 0, -0, 1, 0, 0, 0, 0.0663269982, -0.997798026, 0, 0.997798026, 0.0663269982)},
	["Time"]=0.2,
	["Events"]={{["Name"]="Play Sound",
		["Value"]="Mosin Bolt Pull"}}},{["Poses"]={["LeftLowerArm"]=CFrame.new(0, 0, -0, 1, 0, 0, 0, 0.0663269982, -0.997798026, 0, 0.997798026, 0.0663269982),
		["RightUpperArm"]=CFrame.new(9.99999997e-07, -0, -9.99999997e-07, 0.841669977, 0.0636010021, 0.536234021, -0.0659229979, 0.997713983, -0.014862, -0.535952985, -0.0228419993, 0.843939006),
		["Head"]=CFrame.new(-0, -0, -0, 0.842428982, -0.0149720004, 0.538599014, -0.0578249991, 0.991328001, 0.118000999, -0.535695016, -0.130551994, 0.83425802),
		["RightHand"]=CFrame.new(-9.99999997e-07, 0, 9.99999997e-07, 0.744828999, 0.38696301, 0.543588996, -0.141292006, 0.887656987, -0.438293993, -0.652125001, 0.249649003, 0.715826988),
		["LeftUpperArm"]=CFrame.new(0.278542012, -0.293592989, -0.372709006, -0.0965629965, -0.321126014, -0.942101002, -0.988146007, 0.144422993, 0.0520539992, 0.119345002, 0.935958982, -0.331265002),
		["RightLowerArm"]=CFrame.new(0, -0, -0, 1, 0, 0, 0, 0.237666994, -0.971346974, 0, 0.971346974, 0.237666994),
		["LeftHand"]=CFrame.new(0, -0, -0, 0.885423005, -0.447138011, 0.126859993, 0.464785993, 0.851804018, -0.241669998, 0, 0.27294299, 0.962029994),
		["Action"]=CFrame.new(0, 0, 0, 1, 0, 0, 0, 1, 0, 0, 0, 1),
		["Base"]=CFrame.new(-0.0715790018, -0.946941972, -0.418844998, 0.99644798, -0.0654570013, -0.052974999, 0.0415760018, -0.164655, 0.985475004, -0.073229, -0.984176993, -0.161348999),
		["Charging Handle"]=CFrame.new(0, 0, 0, 1, 0, 0, 0, 1, 0, 0, 0, 1)},
	["Time"]=0.3,
	["Events"]={}},{["Poses"]={["LeftLowerArm"]=CFrame.new(0, 0, -0, 1, 0, 0, 0, 0.0663269982, -0.997798026, 0, 0.997798026, 0.0663269982),
		["RightUpperArm"]=CFrame.new(0, 9.99999997e-07, -1.99999999e-06, 0.841233015, 0.0701119974, 0.536107004, -0.0679159984, 0.997404993, -0.0238700006, -0.536390007, -0.01633, 0.843811989),
		["Head"]=CFrame.new(-0, -0, -0, 0.842428982, -0.0149720004, 0.538599014, -0.0578249991, 0.991328001, 0.118000999, -0.535695016, -0.130551994, 0.83425802),
		["RightHand"]=CFrame.new(-9.99999997e-07, 0, 9.99999997e-07, 0.744828999, 0.38696301, 0.543588996, -0.141292006, 0.887656987, -0.438293993, -0.652125001, 0.249649003, 0.715826988),
		["LeftUpperArm"]=CFrame.new(0.278542995, -0.293592006, -0.372709006, -0.0144170001, -0.328743011, -0.944308996, -0.99920398, 0.0398720019, 0.00137399998, 0.0372000001, 0.943576992, -0.329057008),
		["RightLowerArm"]=CFrame.new(0, -0, -0, 1, 0, 0, 0, 0.237666994, -0.971346974, 0, 0.971346974, 0.237666994),
		["LeftHand"]=CFrame.new(0, -0, -0, 0.885423005, -0.447138011, 0.126859993, 0.464785993, 0.851804018, -0.241669998, 0, 0.27294299, 0.962029994),
		["Base"]=CFrame.new(-0.0715790018, -0.946941972, -0.418844998, 0.99644798, -0.0654570013, -0.052974999, 0.0415760018, -0.164655, 0.985475004, -0.073229, -0.984176993, -0.161348999),
		["Charging Handle"]=CFrame.new(0, 2.20000002e-05, 0.0172969997, 1, 0, 0, 0, 0.00128099998, -0.999998987, 0, 0.999998987, 0.00128099998)},
	["Time"]=0.4,
	["Events"]={}},{["Poses"]={["LeftUpperArm"]=CFrame.new(0.278542995, -0.293592006, -0.372709006, -0.0144170001, -0.328743011, -0.944308996, -0.99920398, 0.0398720019, 0.00137399998, 0.0372000001, 0.943576992, -0.329057008),
		["RightLowerArm"]=CFrame.new(0, -0, 0, 1, 0, 0, 0, 0.227087006, -0.973874986, 0, 0.973874986, 0.227087006),
		["RightUpperArm"]=CFrame.new(9.99999997e-07, 0, -1.99999999e-06, 0.842024982, 0.0581500009, 0.536294997, -0.0642509982, 0.997906983, -0.00732199987, -0.53559798, -0.0282920003, 0.843999028),
		["Action"]=CFrame.new(0, 0, 0, 1, 0, 0, 0, 1, 0, 0, 0, 1),
		["Base"]=CFrame.new(-0.0715790018, -0.946940005, -0.418844014, 0.996545017, -0.0652289987, -0.0514219999, 0.0399169996, -0.166814998, 0.98518002, -0.0728399977, -0.983828008, -0.163635001),
		["Charging Handle"]=CFrame.new(0, 2.20000002e-05, 0.0172969997, 1, 0, 0, 0, 0.00128099998, -0.999998987, 0, 0.999998987, 0.00128099998)},
	["Time"]=0.5,
	["Events"]={}},{["Poses"]={["LeftUpperArm"]=CFrame.new(0.278544009, -0.293592989, -0.372707009, 0.0109700002, -0.475279003, -0.879767001, -0.999870002, 0.00517999986, -0.0152660003, 0.0118129998, 0.879819989, -0.475160986),
		["RightLowerArm"]=CFrame.new(0, -9.99999997e-07, 0, 1, 0, 0, 0, 0.319673985, -0.947526991, 0, 0.947526991, 0.319673985),
		["RightUpperArm"]=CFrame.new(9.99999997e-07, 9.99999997e-07, -1.99999999e-06, 0.833863974, 0.159834996, 0.528321028, -0.0948510021, 0.984412014, -0.148111999, -0.543758988, 0.0733930022, 0.836026013),
		["LeftLowerArm"]=CFrame.new(0, 0, 0, 1, 0, 0, 0, 0.136966005, -0.990576029, 0, 0.990576029, 0.136966005),
		["RightHand"]=CFrame.new(-1.99999999e-06, 9.99999997e-07, 0, 0.739251018, 0.382999003, 0.553912997, -0.170912996, 0.902297974, -0.395785987, -0.651380002, 0.197915003, 0.732484996),
		["Charging Handle"]=CFrame.new(0.278382987, 2.20000002e-05, 0.0172969997, 1, 0, 0, 0, 0.00128099998, -0.999998987, 0, 0.999998987, 0.00128099998),
		["Action"]=CFrame.new(0.255506992, 0, 0, 1, 0, 0, 0, 1, 0, 0, 0, 1)},
	["Time"]=0.6,
	["Events"]={}},{["Poses"]={["LeftUpperArm"]=CFrame.new(0.278542995, -0.293592989, -0.372707009, 0.00432199985, -0.520379007, -0.85392499, -0.999819994, 0.0135150002, -0.013297, 0.0184610002, 0.853829026, -0.520227015),
		["RightLowerArm"]=CFrame.new(0, -0, 0, 1, 0, 0, 0, 0.295037001, -0.955486, 0, 0.955486, 0.295037001),
		["RightUpperArm"]=CFrame.new(-9.99999997e-07, -0, -1.99999999e-06, 0.832876027, 0.169920996, 0.526730001, -0.0978169963, 0.98191601, -0.162092, -0.544746995, 0.0834790021, 0.834434986),
		["Head"]=CFrame.new(-0, -0, -0, 0.838307023, -0.014928, 0.544993997, -0.0587089993, 0.991340995, 0.117458999, -0.54202801, -0.130463004, 0.830172002),
		["RightHand"]=CFrame.new(-6.00000021e-06, 9.99999997e-07, 9.99999997e-07, 0.734930992, 0.379687995, 0.561884999, -0.194126993, 0.91168201, -0.362147003, -0.649762988, 0.157076001, 0.743731022),
		["LeftHand"]=CFrame.new(0, -0, -0, 0.885423005, -0.447138011, 0.126859993, 0.464785993, 0.851804018, -0.241669998, 0, 0.27294299, 0.962029994),
		["LeftLowerArm"]=CFrame.new(0, -0, -0, 1, 0, 0, 0, 0.060943, -0.998140991, 0, 0.998140991, 0.060943)},
	["Time"]=0.7,
	["Events"]={}},{["Poses"]={["LeftUpperArm"]=CFrame.new(-0.076210998, -0.145787999, 0.215676993, 0.252710998, 0.588986993, -0.767614007, -0.59216398, 0.721574008, 0.358711004, 0.765165985, 0.363902986, 0.531126022)},
	["Time"]=0.8,
	["Events"]={}},{["Poses"]={["LeftUpperArm"]=CFrame.new(0.191847995, 0.00201499998, 0.181250006, 0.687547028, 0.136590004, -0.713177979, 0.0988880023, 0.955386996, 0.278311998, 0.719375014, -0.261877, 0.643365979),
		["RightLowerArm"]=CFrame.new(0, -0, 0, 1, 0, 0, 0, 0.137521997, -0.99049902, 0, 0.99049902, 0.137521997),
		["RightUpperArm"]=CFrame.new(-1.99999999e-06, 0, -9.99999997e-07, 0.847541988, -0.0628940016, 0.526988029, -0.0262010004, 0.986783981, 0.159906998, -0.530080974, -0.149335995, 0.834693015),
		["Head"]=CFrame.new(-0, -0, -0, 0.723873019, -0.0149720004, 0.689770997, -0.079324998, 0.991328001, 0.104764, -0.685357988, -0.130551994, 0.716408014),
		["RightHand"]=CFrame.new(-7.0000001e-06, 9.99999997e-07, 9.99999997e-07, 0.939059019, 0.323128015, 0.117285997, -0.319166005, 0.946291029, -0.0516429991, -0.127673998, 0.0110630002, 0.991755009),
		["LeftHand"]=CFrame.new(0, 0, 0, 1, 0, 0, 0, 1, 0, 0, 0, 1),
		["LeftLowerArm"]=CFrame.new(0, -0, -0, 1, 0, 0, 0, 0.89567697, -0.444705009, 0, 0.444705009, 0.89567697)},
	["Time"]=0.9,
	["Events"]={}},{["Poses"]={["LeftUpperArm"]=CFrame.new(0.191846997, -0.0156490002, 0.181251004, 0.687547028, 0.100463003, -0.719156981, 0.0988880023, 0.968201995, 0.229793996, 0.719375014, -0.229110003, 0.655749977),
		["LeftLowerArm"]=CFrame.new(0, 0, -0, 1, 0, 0, 0, 0.923162997, -0.38440901, 0, 0.38440901, 0.923162997)},
	["Time"]=1,
	["Events"]={}},{["Poses"]={["LeftUpperArm"]=CFrame.new(0.191847995, -0.0204600003, 0.181250006, 0.687547028, 0.0933530033, -0.720113993, 0.0988880023, 0.97042501, 0.220218003, 0.719375014, -0.222619995, 0.657980978),
		["RightLowerArm"]=CFrame.new(0, -0, 0, 1, 0, 0, 0, 0.0669389963, -0.997757018, 0, 0.997757018, 0.0669389963),
		["RightUpperArm"]=CFrame.new(-1.99999999e-06, 9.99999997e-07, -1.99999999e-06, 0.861519992, -0.0709180012, 0.502746999, -0.0218560006, 0.984098971, 0.176269993, -0.507254004, -0.162847996, 0.846270978),
		["RightHand"]=CFrame.new(-6.00000021e-06, 9.99999997e-07, 9.99999997e-07, 0.945630014, 0.323812991, -0.0304770004, -0.320190012, 0.943296015, 0.0875850022, 0.0571100004, -0.0730649978, 0.995691001),
		["Base"]=CFrame.new(-0.0715790018, -0.946940005, -0.418844998, 0.996544003, -0.0652289987, -0.0514219999, 0.0399169996, -0.166814998, 0.98518002, -0.0728399977, -0.983828008, -0.163635001),
		["LeftLowerArm"]=CFrame.new(0, 0, -0, 1, 0, 0, 0, 0.928008974, -0.372559011, 0, 0.372559011, 0.928008974)},
	["Time"]=1.1,
	["Events"]={}},{["Poses"]={["LeftUpperArm"]=CFrame.new(0.191848993, 0.0183310006, 0.181248993, 0.687547028, 0.113906004, -0.717150986, 0.0988880023, 0.963732004, 0.247877002, 0.719375014, -0.241344005, 0.651346028),
		["RightHand"]=CFrame.new(-4.99999987e-06, 0, 9.99999997e-07, 0.905611992, 0.373457998, 0.200985998, -0.383783996, 0.923322022, 0.0136230001, -0.180487007, -0.0894720033, 0.979498982),
		["LeftLowerArm"]=CFrame.new(0, -0, -0, 1, 0, 0, 0, 0.901006997, -0.433804989, 0, 0.433804989, 0.901006997),
